0 1.41505e+09 278 0
1 1.41505e+09 438.367 19.46
2 1.41505e+09 616.682 42.28
3 1.41504e+09 899.036 80.57
4 1.41504e+09 1208.76 125.3
5 1.41504e+09 1623.51 189.42
6 1.41504e+09 2458.53 328.37
7 1.41504e+09 3523.77 520.24
8 1.41504e+09 5143.17 837.83
9 1.41504e+09 7097.13 1257.62
10 1.41503e+09 9383.38 1799.14
11 1.41503e+09 11971.6 2479.54
12 1.41503e+09 14787.5 3307.01
13 1.41502e+09 17835.6 4315.78
14 1.41502e+09 21046.3 5522.44
15 1.41501e+09 24373.7 6955.41
16 1.41501e+09 27794.1 8660.82
17 1.415e+09 31156.7 10625
18 1.415e+09 34304.4 12809.8
19 1.41499e+09 37190.2 15231.7
20 1.41499e+09 39672.3 17807.7
21 1.41498e+09 41778.1 20593.7
22 1.41498e+09 43458 23554.7
23 1.41497e+09 44197.1 26596.7
24 1.41497e+09 44520.8 29690.5
25 1.41497e+09 44460.2 32807
26 1.41497e+09 44054.1 35919.2
27 1.41496e+09 43345.7 39003
28 1.41496e+09 42380.3 42037.2
29 1.41496e+09 41202.7 45003.8
30 1.41496e+09 39856 47888
31 1.41496e+09 38379.7 50677.9
32 1.41496e+09 36810.1 53364.5
33 1.41495e+09 35178.7 55941.2
34 1.41495e+09 33513.2 58403.7
35 1.41495e+09 31836.8 60749.6
36 1.41495e+09 30168.9 62978.2
37 1.41495e+09 28525.2 65090
38 1.41495e+09 26918.5 67086.8
39 1.41495e+09 25358.4 68971.1
40 1.41495e+09 23852.3 70746.2
41 1.41495e+09 22405.4 72415.8
42 1.41495e+09 21021.3 73984.2
43 1.41495e+09 19701.9 75455.7
44 1.41495e+09 18448.3 76834.8
45 1.41495e+09 17260.4 78126.2
46 1.41495e+09 16137.3 79334.4
47 1.41495e+09 15077.7 80464.1
48 1.41495e+09 14079.9 81519.5
49 1.41495e+09 13141.6 82505.1
50 1.41495e+09 12260.6 83425
51 1.41495e+09 11434.2 84283.2

