1/20 5.737e+07 0 0
1/21 5.737e+07 0 0
1/22 5.737e+07 -0.35 0.35
1/23 5.737e+07 -1.05 1.05
1/24 5.737e+07 -4.06 4.06
1/25 5.737e+07 -8.4 8.4
1/26 5.737e+07 -15.68 15.68
1/27 5.737e+07 -24.64 24.64
1/28 5.737e+07 -36.75 36.75
1/29 5.737e+07 -57.47 57.47
1/30 5.737e+07 -87.43 87.43
1/31 5.737e+07 -125.02 125.02
2/1 5.737e+07 -166.95 166.95
2/2 5.737e+07 -213.22 213.22
2/3 5.737e+07 -263.9 263.9
2/4 5.737e+07 -321.93 321.93
2/5 5.737e+07 -384.58 384.58
2/6 5.737e+07 -451.36 451.36
2/7 5.737e+07 -521.78 521.78
2/8 5.737e+07 -595.14 595.14
2/9 5.737e+07 -669.55 669.55
2/10 5.737e+07 -745.99 745.99
2/11 5.737e+07 -824.18 824.18
2/12 5.737e+07 -903.35 903.35
2/13 5.737e+07 -840.116 840.116
2/14 5.737e+07 -781.307 781.307
2/15 5.737e+07 -726.616 726.616
2/16 5.737e+07 -675.753 675.753
2/17 5.737e+07 -628.45 628.45
2/18 5.737e+07 -584.459 584.459
2/19 5.737e+07 -543.547 543.547
2/20 5.737e+07 -505.498 505.498
2/21 5.737e+07 -470.113 470.113
2/22 5.737e+07 -437.205 437.205
2/23 5.737e+07 -406.601 406.601
2/24 5.737e+07 -378.139 378.139
2/25 5.737e+07 -351.669 351.669
2/26 5.737e+07 -327.052 327.052
2/27 5.737e+07 -304.159 304.159
2/28 5.737e+07 -282.868 282.868
3/1 5.737e+07 -263.067 263.067
3/2 5.737e+07 -244.652 244.652
3/3 5.737e+07 -227.527 227.527
3/4 5.737e+07 -211.6 211.6
3/5 5.737e+07 -196.788 196.788
3/6 5.737e+07 -183.013 183.013
3/7 5.737e+07 -170.202 170.202
3/8 5.737e+07 -158.288 158.288
3/9 5.737e+07 -147.207 147.207
3/10 5.737e+07 -136.903 136.903
3/11 5.737e+07 -127.32 127.32
3/12 5.737e+07 -118.407 118.407
3/13 5.737e+07 -110.119 110.119
