1/20 5.737e+07 0 0
1/21 5.737e+07 0 0
1/22 5.737e+07 4.92565 0.35
1/23 5.737e+07 13.5732 1.05
1/24 5.737e+07 45.076 3.99
1/25 5.73699e+07 84.3171 8.26
1/26 5.73698e+07 140.536 15.47
1/27 5.73698e+07 198.733 24.36
1/28 5.73697e+07 264.2 36.4
1/29 5.73696e+07 355.791 56.91
1/30 5.73695e+07 463.293 86.59
1/31 5.73693e+07 570.307 123.55
2/1 5.73692e+07 663.252 164.43
2/2 5.73691e+07 741.161 209.09
2/3 5.73689e+07 803.59 257.25
2/4 5.73688e+07 853.778 311.92
2/5 5.73687e+07 888.711 370.16
2/6 5.73687e+07 909.051 431.27
2/7 5.73686e+07 916 494.83
2/8 5.73685e+07 911.007 559.3
2/9 5.73685e+07 896.473 621.6
2/10 5.73684e+07 873.796 684.04
2/11 5.73684e+07 845.193 744.73
2/12 5.73684e+07 811.72 804.37
2/13 5.73684e+07 775.303 861.63
2/14 5.73683e+07 736.797 916.79
2/15 5.73683e+07 697.282 969.5
2/16 5.73683e+07 656.788 1020.6
2/17 5.73683e+07 616.161 1069.67
2/18 5.73683e+07 576.669 1115.73
2/19 5.73683e+07 537.843 1159.76
2/20 5.73683e+07 500.194 1197.41
2/21 5.73683e+07 465.181 1232.42
2/22 5.73683e+07 432.619 1264.99
2/23 5.73683e+07 402.336 1295.27
2/24 5.73683e+07 374.173 1323.43
2/25 5.73683e+07 347.981 1349.62
2/26 5.73683e+07 323.622 1373.98
2/27 5.73683e+07 300.969 1396.64
2/28 5.73683e+07 279.901 1417.7
3/1 5.73683e+07 260.308 1437.3
3/2 5.73683e+07 242.087 1455.52
3/3 5.73683e+07 225.141 1472.47
3/4 5.73683e+07 209.381 1488.22
3/5 5.73683e+07 194.724 1502.88
3/6 5.73683e+07 181.093 1516.51
3/7 5.73683e+07 168.417 1529.19
3/8 5.73683e+07 156.628 1540.98
3/9 5.73683e+07 145.664 1551.94
3/10 5.73683e+07 135.467 1562.14
3/11 5.73683e+07 125.985 1571.62
3/12 5.73683e+07 117.166 1580.44
3/13 5.73683e+07 108.964 1588.64
3/14 5.73683e+07 101.337 1596.27
3/15 5.73683e+07 94.2431 1603.36
3/16 5.73683e+07 87.646 1609.96
3/17 5.73683e+07 81.5108 1616.09
3/18 5.73683e+07 75.8051 1621.8
3/19 5.73683e+07 70.4987 1627.11
3/20 5.73683e+07 65.5638 1632.04
