300.183
591.285
584.815
576.276
565.022
550.182
530.567
504.526
469.736
422.956
359.91
276.267
173.091
81.6097
62.3664
62.3057
61.8407
61.4729
61.0889
60.7143
60.3431
59.977
59.6153
59.2582
58.9059
58.5581
58.215
57.8765
57.5427
57.2134
56.8889
56.5689
56.2535
55.9427
55.6364
55.3348
55.0376
54.7449
54.4566
54.173
53.9304
53.7055
53.4838
53.2654
53.05
52.8379
52.6321
52.4744
52.319
52.166
52.0154
51.8671
51.7211
51.5774
51.4361
51.2969
51.1601
51.0255
50.893
50.7766
50.6684
50.562
50.4574
50.3544
50.2532
50.1536
50.0557
49.9594
49.8647
49.7717
49.6802
49.6051
49.5517
49.499
49.4471
49.3958
49.3453
49.2955
49.2465
49.1981
49.1505
49.1035
49.0573
49.0118
48.9669
48.9227
48.8792
48.8363
48.7941
48.7526
48.7117
48.6714
48.6318
48.5927
48.5543
48.5165
48.4793
48.4427
48.4066
48.3712
48.3363
48.3019
48.2681
48.2349
48.2021
48.1699
48.1382
48.1071
48.0764
48.0462
48.0165
47.9872
47.9585
47.9301
47.9023
47.8749
47.8479
47.8214
47.7953
47.7696
47.7443
47.7193
47.6949
47.6707
47.647
47.6236
47.6006
47.5779
47.5556
47.5336
47.512
47.4907
47.4698
47.4491
47.4288
47.4087
47.389
47.3696
47.3504
47.3316
47.313
47.2947
47.2766
47.2588
47.2413
47.224
47.207
47.1902
47.1736
47.1573
47.1411
47.1253
47.1096
47.0942
47.0789
47.0638
47.049
47.0344
47.0199
47.0056
46.9915
46.9776
46.9639
46.9503
46.9369
46.9237
46.9107
46.8977
46.885
46.8723
46.8599
46.8476
46.8354
46.8234
46.8115
46.7997
46.7881
46.7766
46.7652
46.754
46.7428
46.7318
46.7209
46.71
46.6994
46.6888
46.6783
46.6679
46.6577
46.6475
46.6374
46.6274
46.6175
46.6077
46.598
46.5884
46.5789
46.5694
46.56
46.5507
46.5415
46.5323
46.5233
46.5143
46.5054
46.4965
46.4877
46.479
46.4703
46.4617
46.4532
46.4447
46.4363
46.428
46.4197
46.4114
46.4032
46.3951
46.387
46.379
46.3711
46.3631
46.3553
46.3474
46.3396
46.3319
46.3243
46.3166
46.309
46.3014
46.2939
46.2864
46.279
46.2716
46.2642
46.2569
46.2496
46.2424
46.2351
46.228
46.2208
46.2137
46.2066
46.1996
46.1926
46.1856
46.1786
46.1717
46.1648
46.1579
46.1511
46.1443
46.1374
46.1307
46.1239
46.1172
46.1106
46.1039
46.0972
46.0906
46.0841
46.0775
46.0709
46.0644
46.0579
46.0514
46.045
46.0385
46.0321
46.0257
46.0193
46.0129
46.0066
46.0003
45.994
45.9876
45.9814
45.9751
45.9689
45.9626
45.9565
45.9502
45.9441
45.9379
45.9318
45.9257
45.9195
45.9134
45.9073
45.9012
45.8952
45.8892
45.8831
45.8771
45.8711
45.8651
45.8591
45.8531
45.8472
45.8412
45.8353
45.8294
45.8235
45.8176
45.8117
45.8058
45.8
45.7941
45.7883
45.7825
45.7766
45.7708
45.765
45.7592
45.7534
45.7477
45.7419
45.7362
45.7304
45.7247
45.719
45.7133
45.7076
45.7019
45.6962
45.6905
45.6849
45.6792
45.6735
45.6679
45.6623
45.6566
45.651
45.6454
45.6398
45.6342
45.6286
45.623
45.6175
45.6119
45.6064
45.6008
45.5953
45.5897
45.5842
45.5787
45.5732
45.5676
45.5622
45.5567
45.5512
45.5457
45.5403
45.5348
45.5293
45.5239
45.5184
45.513
45.5076
45.5021
45.4967
45.4913
45.4859
45.4805
45.4751
45.4697
45.4644
45.459
45.4536
45.4482
45.4429
45.4375
45.4322
45.4269
45.4215
45.4162
45.4109
45.4055
45.4003
45.3949
45.3896
45.3844
45.379
45.3738
45.3685
45.3633
45.358
45.3527
45.3475
45.3422
45.337
45.3317
45.3265
45.3213
45.3161
45.3108
45.3056
45.3004
45.2952
45.29
45.2848
45.2796
45.2744
45.2693
45.2641
45.259
45.2538
45.2486
45.2435
45.2384
45.2332
45.2281
45.2229
45.2178
45.2127
45.2076
45.2024
45.1973
45.1922
45.1872
45.1821
45.177
45.1719
45.1668
45.1617
45.1566
45.1516
45.1465
45.1415
45.1364
45.1314
45.1263
45.1213
45.1163
45.1112
45.1062
45.1012
45.0962
45.0912
45.0862
45.0812
45.0762
45.0712
45.0662
45.0612
45.0563
45.0513
45.0463
45.0413
45.0364
45.0314
45.0264
45.0215
45.0166
45.0116
45.0067
45.0018
44.9969
44.9919
44.987
44.9821
44.9772
44.9723
44.9674
44.9625
44.9576
44.9527
44.9478
44.9429
44.9381
44.9332
44.9283
44.9235
44.9186
44.9137
44.9089
44.9041
44.8992
44.8944
44.8896
44.8847
44.8799
44.8751
44.8703
44.8654
44.8606
44.8558
44.851
44.8462
44.8414
44.8366
44.8319
44.8271
44.8223
44.8175
44.8128
44.808
44.8032
44.7985
44.7937
44.789
44.7842
44.7795
44.7747
44.77
44.7653
44.7606
44.7558
44.7511
44.7464
44.7417
44.737
44.7323
44.7276
44.7229
44.7182
44.7135
44.7088
44.7041
44.6994
44.6948
44.6901
44.6855
44.6808
44.6762
44.6715
44.6668
44.6622
44.6576
44.6529
44.6483
44.6436
44.639
44.6344
44.6298
44.6252
44.6206
44.616
44.6113
44.6068
44.6021
44.5976
44.593
44.5884
44.5838
44.5792
44.5747
44.57
44.5655
44.5609
44.5564
44.5518
44.5473
44.5427
44.5382
44.5336
44.5291
44.5246
44.52
44.5155
44.511
44.5065
44.5019
44.4974
44.4929
44.4884
44.4839
44.4794
44.4749
44.4704
44.4659
44.4614
44.457
44.4525
44.448
44.4436
44.4391
44.4346
44.4302
44.4257
44.4212
44.4168
44.4124
44.4079
44.4035
44.3991
44.3946
44.3902
44.3858
44.3813
44.3769
44.3725
44.3681
44.3637
44.3593
44.3549
44.3505
44.3461
44.3417
44.3373
44.3329
44.3286
44.3241
44.3198
44.3154
44.3111
44.3067
44.3023
44.298
44.2936
44.2893
44.2849
44.2806
44.2763
44.2719
44.2676
44.2632
44.2589
44.2546
44.2503
44.246
44.2417
44.2373
44.233
44.2288
44.2244
44.2201
44.2158
44.2115
44.2073
44.203
44.1987
44.1944
44.1901
44.1859
44.1816
44.1773
44.1731
44.1688
44.1646
44.1603
44.1561
44.1518
44.1476
44.1433
44.1391
44.1349
44.1306
44.1264
44.1222
44.118
44.1138
44.1095
44.1053
44.1011
44.0969
44.0927
44.0885
44.0843
44.0801
44.076
44.0718
44.0676
44.0634
44.0592
44.0551
44.0509
44.0467
44.0425
44.0384
44.0342
44.0301
44.0259
44.0218
44.0177
44.0135
44.0094
44.0052
44.0011
43.997
43.9928
43.9887
43.9846
43.9805
43.9764
43.9723
43.9682
43.964
43.9599
43.9558
43.9518
43.9477
43.9436
43.9395
43.9354
43.9313
43.9272
43.9232
43.9191
43.915
43.911
43.9069
43.9029
43.8988
43.8947
43.8907
43.8866
43.8826
43.8786
43.8745
43.8705
43.8664
43.8624
43.8584
43.8544
43.8503
43.8463
43.8423
43.8383
43.8343
43.8303
43.8263
43.8223
43.8183
43.8143
43.8103
43.8063
43.8023
43.7983
43.7943
43.7904
43.7864
43.7824
43.7785
43.7745
43.7705
43.7666
43.7626
43.7587
43.7547
43.7507
43.7468
43.7429
43.7389
43.735
43.7311
43.7271
43.7232
43.7193
43.7153
43.7114
43.7075
43.7036
43.6997
43.6958
43.6919
43.688
43.6841
43.6802
43.6763
43.6724
43.6685
43.6646
43.6607
43.6568
43.653
43.6491
43.6452
43.6413
43.6375
43.6336
43.6297
43.6259
43.622
43.6182
43.6143
43.6105
43.6066
43.6028
43.5989
43.5951
43.5913
43.5874
43.5836
43.5798
43.576
43.5721
43.5683
43.5645
43.5607
43.5569
43.5531
43.5493
43.5455
43.5417
43.5379
43.5341
43.5303
43.5265
43.5227
43.5189
43.5151
43.5114
43.5076
43.5038
43.5
43.4963
43.4925
43.4888
43.485
43.4812
43.4775
43.4737
43.4699
43.4662
43.4625
43.4588
43.455
43.4513
43.4475
43.4438
43.4401
43.4364
43.4326
43.4289
43.4252
43.4215
43.4178
43.414
43.4103
43.4066
43.4029
43.3992
43.3955
43.3918
43.3881
43.3844
43.3808
43.377
43.3734
43.3697
43.366
43.3624
43.3587
43.355
43.3513
43.3476
43.344
43.3403
43.3367
43.333
43.3294
43.3257
43.3221
43.3184
43.3148
43.3112
43.3075
43.3038
43.3003
43.2966
43.293
43.2893
43.2857
43.2821
43.2785
43.2749
43.2712
43.2676
43.264
43.2604
43.2568
43.2532
43.2496
43.246
43.2425
43.2388
43.2353
43.2317
43.2281
43.2245
43.2209
43.2173
43.2137
43.2102
43.2066
43.2031
43.1995
43.196
43.1924
43.1888
43.1853
43.1817
43.1782
43.1746
43.1711
43.1675
43.1639
43.1604
43.1569
43.1534
43.1498
43.1463
43.1428
43.1392
43.1357
43.1322
43.1287
43.1252
43.1217
43.1181
43.1146
43.1111
43.1077
43.1041
43.1006
43.0971
43.0937
43.0901
43.0866
43.0832
43.0797
43.0762
43.0727
43.0693
43.0658
43.0623
43.0588
43.0553
43.0519
43.0484
43.0449
43.0415
43.038
43.0346
43.0311
43.0277
43.0242
43.0208
43.0174
43.0139
43.0105
43.007
43.0036
43.0002
42.9967
42.9933
42.9899
42.9864
42.983
42.9796
42.9762
42.9728
42.9694
42.9659
42.9625
42.9591
42.9557
42.9523
42.9489
42.9455
42.9421
42.9388
42.9354
42.932
42.9286
42.9252
42.9218
42.9184
42.9151
42.9117
42.9083
42.9049
42.9016
42.8982
42.8948
42.8915
42.8881
42.8847
42.8814
42.878
42.8747
42.8713
42.868
42.8646
42.8613
42.858
42.8546
42.8513
42.848
42.8446
42.8413
42.838
42.8347
42.8313
42.828
42.8247
42.8214
42.818
42.8147
42.8114
42.8081
42.8048
42.8015
42.7982
42.7949
42.7916
42.7883
42.785
42.7817
42.7784
42.7751
42.7718
42.7686
42.7653
42.762
42.7588
42.7554
42.7522
42.7489
42.7456
42.7424
42.7391
42.7358
42.7326
42.7293
42.726
42.7228
42.7195
42.7163
42.713
42.7098
42.7065
42.7033
42.7
42.6968
42.6936
42.6903
42.6871
42.6839
42.6807
42.6774
42.6742
42.671
42.6678
42.6646
42.6613
42.6581
42.6549
42.6517
42.6485
42.6453
42.6421
42.6389
42.6357
42.6325
42.6293
42.6261
42.6229
42.6197
42.6165
42.6133
42.6102
42.607
42.6038
42.6006
42.5975
42.5943
42.5911
42.5879
42.5848
42.5816
42.5784
42.5753
42.5721
42.5689
42.5658
42.5626
42.5595
42.5563
42.5532
42.55
42.5469
42.5438
42.5406
42.5375
42.5343
42.5312
42.5281
42.5249
42.5218
42.5187
42.5155
42.5124
42.5093
42.5062
42.503
42.5
42.4968
42.4937
42.4906
42.4875
42.4844
42.4813
42.4782
42.4751
42.472
42.4689
42.4658
42.4627
42.4596
42.4565
42.4534
42.4503
42.4473
42.4442
42.4411
42.438
42.4349
42.4319
42.4288
42.4257
42.4227
42.4196
42.4165
42.4135
42.4104
42.4073
42.4043
42.4012
42.3982
42.3951
42.3921
42.389
42.386
42.3829
42.3799
42.3768
42.3738
42.3708
42.3677
42.3647
42.3617
42.3586
42.3556
42.3526
42.3495
42.3465
42.3435
42.3405
42.3375
42.3344
42.3314
42.3284
42.3254
42.3224
42.3194
42.3164
42.3134
42.3104
42.3074
42.3044
42.3014
42.2984
42.2954
42.2924
42.2894
42.2864
42.2834
42.2804
42.2775
42.2745
42.2715
42.2686
42.2655
42.2626
42.2596
42.2567
42.2537
42.2507
42.2478
42.2448
42.2418
42.2389
42.2359
42.233
42.23
42.227
42.2241
42.2212
42.2182
42.2153
42.2123
42.2094
42.2064
42.2035
42.2005
42.1976
42.1947
42.1917
42.1888
42.1859
42.183
42.18
42.1771
42.1742
42.1713
42.1684
42.1654
42.1625
42.1596
42.1567
42.1538
42.1509
42.148
42.1451
42.1422
42.1393
42.1364
42.1335
42.1306
42.1277
42.1248
42.1219
42.119
42.1161
42.1132
42.1104
42.1075
42.1046
42.1017
42.0988
42.096
42.0931
42.0902
42.0874
42.0845
42.0816
42.0788
42.0759
42.073
42.0702
42.0673
42.0644
42.0616
42.0587
42.0559
42.053
42.0502
42.0474
42.0445
42.0416
42.0388
42.036
42.0331
42.0303
42.0275
42.0246
42.0218
42.0189
42.0161
42.0133
42.0105
42.0077
42.0048
42.002
41.9992
41.9964
41.9935
41.9907
41.9879
41.9851
41.9823
41.9795
41.9767
41.9739
41.9711
41.9683
41.9655
41.9627
41.9599
41.9571
41.9543
41.9515
41.9487
41.9459
41.9431
41.9403
41.9376
41.9348
41.932
41.9292
41.9264
41.9236
41.9209
41.9181
41.9153
41.9126
41.9098
41.907
41.9043
41.9015
41.8987
41.896
41.8932
41.8905
41.8877
41.8849
41.8822
41.8794
41.8767
41.8739
41.8712
41.8684
41.8657
41.8629
41.8602
41.8575
41.8547
41.852
41.8492
41.8465
41.8438
41.8411
41.8384
41.8356
41.8329
41.8301
41.8274
41.8247
41.822
41.8193
41.8166
41.8139
41.8111
41.8084
41.8057
41.803
41.8003
41.7976
41.7949
41.7922
41.7895
41.7868
41.7841
41.7814
41.7787
41.776
41.7733
41.7706
41.768
41.7652
41.7626
41.7598
41.7572
41.7545
41.7518
41.7491
41.7464
41.7438
41.7411
41.7384
41.7358
41.7331
41.7304
41.7277
41.7251
41.7224
41.7198
41.7171
41.7144
41.7118
41.7091
41.7065
41.7038
41.7012
41.6985
41.6958
41.6932
41.6906
41.6879
41.6853
41.6826
41.68
41.6773
41.6747
41.6721
41.6694
41.6668
41.6642
41.6615
41.6589
41.6563
41.6536
41.651
41.6484
41.6458
41.6432
41.6405
41.6379
41.6353
41.6327
41.6301
41.6275
41.6248
41.6222
41.6196
41.617
41.6144
41.6118
41.6092
41.6066
41.604
41.6014
41.5988
41.5962
41.5936
41.591
41.5884
41.5858
41.5833
41.5807
41.5781
41.5755
41.5729
41.5703
41.5677
41.5652
41.5626
41.56
41.5574
41.5549
41.5523
41.5497
41.5471
41.5446
41.542
41.5395
41.5369
41.5343
41.5318
41.5292
41.5266
41.5241
41.5216
41.519
41.5164
41.5139
41.5113
41.5088
41.5062
41.5037
41.5012
41.4986
41.4961
41.4935
41.491
41.4884
41.4859
41.4834
41.4809
41.4783
41.4758
41.4732
41.4707
41.4682
41.4657
41.4631
41.4606
41.4581
41.4556
41.4531
41.4505
41.448
41.4455
41.443
41.4405
41.438
41.4355
41.4329
41.4305
41.428
41.4254
41.4229
41.4204
41.4179
41.4154
41.4129
41.4104
41.408
41.4054
41.403
41.4004
41.398
41.3955
41.393
41.3905
41.388
41.3855
41.3831
41.3806
41.3781
41.3756
41.3731
41.3707
41.3682
41.3658
41.3633
41.3608
41.3583
41.3558
41.3534
41.3509
41.3484
41.346
41.3435
41.341
41.3386
41.3361
41.3337
41.3312
41.3288
41.3263
41.3239
41.3214
41.319
41.3165
41.3141
41.3116
41.3092
41.3067
41.3043
41.3019
41.2994
41.297
41.2945
41.2921
41.2897
41.2872
41.2848
41.2824
41.28
41.2775
41.2751
41.2727
41.2703
41.2678
41.2654
41.263
41.2606
41.2582
41.2558
41.2533
41.2509
41.2485
41.2461
41.2437
41.2413
41.2389
41.2365
41.2341
41.2317
41.2293
41.2269
41.2244
41.2221
41.2197
41.2172
41.2149
41.2125
41.2101
41.2077
41.2053
41.2029
41.2005
41.1981
41.1958
41.1934
41.1909
41.1886
41.1862
41.1839
41.1815
41.1791
41.1767
41.1743
41.1719
41.1696
41.1672
41.1649
41.1625
41.1601
41.1578
41.1554
41.153
41.1507
41.1483
41.1459
41.1436
41.1412
41.1389
41.1365
41.1342
41.1318
41.1295
41.1271
41.1248
41.1224
41.1201
41.1177
41.1154
41.113
41.1107
41.1083
41.106
41.1037
41.1013
41.099
41.0967
41.0943
41.092
41.0896
41.0873
41.085
41.0827
41.0804
41.078
41.0757
41.0734
41.071
41.0687
41.0664
41.0641
41.0618
41.0595
41.0571
41.0548
41.0525
41.0502
41.0479
41.0456
41.0433
41.041
41.0387
41.0364
41.034
41.0317
41.0294
41.0272
41.0249
41.0225
41.0202
41.018
41.0157
41.0133
41.0111
41.0088
41.0065
41.0042
41.0019
40.9996
40.9973
40.9951
40.9928
40.9905
40.9882
40.9859
40.9837
40.9814
40.9791
40.9768
40.9746
40.9723
40.97
40.9677
40.9655
40.9632
40.9609
40.9586
40.9564
40.9541
40.9519
40.9496
40.9473
40.9451
40.9428
40.9406
40.9383
40.9361
40.9338
40.9316
40.9293
40.9271
40.9248
40.9225
40.9203
40.9181
40.9158
40.9136
40.9113
40.9091
40.9068
40.9046
40.9023
40.9001
40.8979
40.8957
40.8934
40.8912
40.889
40.8867
40.8845
40.8823
40.8801
40.8778
40.8756
40.8734
40.8711
40.8689
40.8667
40.8645
40.8623
40.86
40.8578
40.8556
40.8534
40.8512
40.849
40.8468
40.8446
40.8423
40.8401
40.8379
40.8357
40.8335
40.8313
40.8291
40.8269
40.8247
40.8225
40.8203
40.8181
40.8159
40.8137
40.8115
40.8093
40.8071
40.8049
40.8028
40.8006
40.7984
40.7962
40.794
40.7918
40.7896
40.7875
40.7853
40.7831
40.7809
40.7787
40.7766
40.7744
40.7722
40.77
40.7679
40.7657
40.7635
40.7613
40.7592
40.757
40.7549
40.7526
40.7505
40.7483
40.7462
40.744
40.7419
40.7397
40.7375
40.7354
40.7332
40.7311
40.7289
40.7267
40.7246
40.7224
40.7203
40.7181
40.716
40.7138
40.7117
40.7096
40.7074
40.7053
40.7031
40.701
40.6988
40.6967
40.6946
40.6924
40.6903
40.6882
40.686
40.6839
40.6818
40.6796
40.6775
40.6754
40.6732
40.6711
40.669
40.6669
40.6647
40.6626
40.6605
40.6584
40.6562
40.6541
40.652
40.6499
40.6478
40.6457
40.6435
40.6415
40.6393
40.6372
40.6351
40.633
40.6309
40.6287
40.6267
40.6246
40.6224
40.6203
40.6183
40.6162
40.6141
40.612
40.6098
40.6078
40.6057
40.6036
40.6015
40.5994
40.5973
40.5952
40.5931
40.591
40.5889
40.5868
40.5847
40.5827
40.5806
40.5785
40.5764
40.5743
40.5722
40.5702
40.5681
40.566
40.5639
40.5618
40.5597
40.5577
40.5556
40.5536
40.5515
40.5494
40.5473
40.5453
40.5432
40.5411
40.5391
40.537
40.5349
40.5329
40.5308
40.5288
40.5267
40.5246
40.5226
40.5205
40.5185
40.5164
40.5144
40.5123
40.5103
40.5082
40.5062
40.5041
40.5021
40.5
40.498
40.4959
40.4939
40.4918
40.4898
40.4877
40.4857
40.4837
40.4816
40.4796
40.4775
40.4755
40.4735
40.4714
40.4694
40.4674
40.4653
40.4633
40.4613
40.4593
40.4572
40.4552
40.4532
40.4512
40.4491
40.4471
40.4451
40.4431
40.4411
40.439
40.437
40.435
40.433
40.431
40.4289
40.4269
40.4249
40.4229
40.4209
40.4189
40.4169
40.4149
40.4129
40.4108
40.4088
40.4068
40.4049
40.4032
40.4015
40.3998
40.398
40.3963
40.3946
40.3929
40.3912
40.3895
40.3877
40.386
40.3843
40.3826
40.3809
40.3792
40.3775
40.3758
40.3741
40.3724
40.3707
40.369
40.3673
40.3656
40.3639
40.3622
40.3605
40.3588
40.3571
40.3554
40.3537
40.352
40.3503
40.3486
40.3469
40.3452
40.3435
40.3418
40.3402
40.3385
40.3367
40.3351
40.3334
40.3317
40.33
40.3283
40.3266
40.325
40.3233
40.3216
40.3199
40.3182
40.3165
40.3149
40.3132
40.3115
40.3099
40.3081
40.3065
40.3048
40.3031
40.3015
40.2998
40.2981
40.2964
40.2948
40.2931
40.2914
40.2898
40.2881
40.2865
40.2848
40.2831
40.2814
40.2798
40.2781
40.2765
40.2748
40.2731
40.2715
40.2698
40.2682
40.2665
40.2649
40.2632
40.2616
40.2599
40.2582
40.2566
40.2549
40.2533
40.2516
40.25
40.2483
40.2466
40.245
40.2434
40.2417
40.2401
40.2384
40.2368
40.2351
40.2335
40.2318
40.2302
40.2286
40.2269
40.2253
40.2237
40.222
40.2204
40.2187
40.2171
40.2155
40.2139
40.2122
40.2105
40.209
40.2073
40.2057
40.2041
40.2024
40.2008
40.1991
40.1975
40.1959
40.1943
40.1926
40.191
40.1894
40.1878
40.1861
40.1845
40.1829
40.1813
40.1797
40.178
40.1764
40.1748
40.1732
40.1716
40.17
40.1684
40.1667
40.1651
40.1635
40.1619
40.1603
40.1587
40.1571
40.1554
40.1538
40.1522
40.1506
40.149
40.1474
40.1458
40.1442
40.1426
40.141
40.1394
40.1378
40.1362
40.1346
40.133
40.1314
40.1298
40.1282
40.1266
40.125
40.1234
40.1218
40.1202
40.1186
40.117
40.1154
40.1138
40.1123
40.1107
40.1091
40.1075
40.1059
40.1043
40.1027
40.1011
40.0996
40.098
40.0964
40.0948
40.0932
40.0917
40.0901
40.0885
40.0869
40.0853
40.0837
40.0822
40.0806
40.079
40.0774
40.0759
40.0743
40.0727
40.0711
40.0696
40.068
40.0665
40.0649
40.0633
40.0617
40.0602
40.0586
40.057
40.0555
40.0539
40.0523
40.0508
40.0492
40.0476
40.0461
40.0445
40.043
40.0414
40.0398
40.0383
40.0367
40.0352
40.0336
40.032
40.0305
40.0289
40.0274
40.0258
40.0243
40.0227
40.0212
40.0196
40.0181
40.0165
40.015
40.0134
40.0119
40.0104
40.0088
40.0073
40.0057
40.0042
40.0026
40.0011
39.9995
39.998
39.9965
39.9949
39.9934
39.9918
39.9903
39.9887
39.9872
39.9857
39.9841
39.9826
39.9811
39.9795
39.978
39.9765
39.9749
39.9734
39.9719
39.9703
39.9688
39.9673
39.9657
39.9642
39.9627
39.9612
39.9596
39.9581
39.9566
39.9551
39.9535
39.952
39.9505
39.9489
39.9475
39.9459
39.9444
39.9429
39.9414
39.9398
39.9383
39.9368
39.9353
39.9338
39.9323
39.9308
39.9292
39.9277
39.9262
39.9247
39.9232
39.9217
39.9202
39.9187
39.9172
39.9156
39.9142
39.9126
39.9111
39.9096
39.9082
39.9066
39.9051
39.9036
39.9021
39.9006
39.8991
39.8976
39.8961
39.8946
39.8931
39.8916
39.8901
39.8886
39.8872
39.8856
39.8841
39.8827
39.8811
39.8797
39.8782
39.8767
39.8752
39.8737
39.8722
39.8707
39.8692
39.8678
39.8662
39.8648
39.8633
39.8618
39.8603
39.8588
39.8573
39.8558
39.8544
39.8529
39.8514
39.8499
39.8484
39.847
39.8455
39.844
39.8425
39.8411
39.8396
39.8381
39.8366
39.8352
39.8337
39.8322
39.8307
39.8292
39.8278
39.8263
39.8249
39.8234
39.8219
39.8204
39.819
39.8175
39.816
39.8146
39.8131
39.8117
39.8102
39.8087
39.8073
39.8058
39.8043
39.8029
39.8014
39.8
39.7985
39.797
39.7955
39.7941
39.7926
39.7912
39.7897
39.7883
39.7868
39.7854
39.7839
39.7825
39.781
39.7795
39.7781
39.7767
39.7752
39.7738
39.7723
39.7709
39.7694
39.768
39.7665
39.7651
39.7636
39.7622
39.7607
39.7593
39.7578
39.7564
39.755
39.7536
39.7521
39.7507
39.7492
39.7478
39.7463
39.7449
39.7435
39.742
39.7406
39.7391
39.7377
39.7363
39.7348
39.7334
39.732
39.7305
39.7291
39.7277
39.7262
39.7248
39.7234
39.722
39.7205
39.7191
39.7177
39.7162
39.7148
39.7134
39.712
39.7105
39.7091
39.7077
39.7063
39.7048
39.7034
39.702
39.7006
39.6992
39.6977
39.6963
39.6949
39.6935
39.6921
39.6907
39.6893
39.6878
39.6864
39.685
39.6836
39.6821
39.6808
39.6793
39.6779
39.6765
39.6751
39.6737
39.6723
39.6709
39.6695
39.6681
39.6667
39.6653
39.6639
39.6625
39.6611
39.6596
39.6582
39.6568
39.6554
39.654
39.6526
39.6512
39.6498
39.6484
39.647
39.6456
39.6442
39.6428
39.6414
39.64
39.6387
39.6372
39.6359
39.6345
39.6331
39.6317
39.6303
39.6289
39.6275
39.6261
39.6247
39.6233
39.6219
39.6206
39.6191
39.6178
39.6164
39.615
39.6136
39.6122
39.6108
39.6095
39.6081
39.6067
39.6053
39.6039
39.6026
39.6012
39.5998
39.5984
39.597
39.5956
39.5943
39.5929
39.5915
39.5901
39.5887
39.5874
39.586
39.5847
39.5832
39.5819
39.5805
39.5791
39.5778
39.5764
39.575
39.5737
39.5723
39.5709
39.5695
39.5682
39.5668
39.5654
39.5641
39.5627
39.5613
39.56
39.5586
39.5572
39.5559
39.5545
39.5532
39.5518
39.5504
39.5491
39.5477
39.5464
39.545
39.5436
39.5423
39.5409
39.5396
39.5382
39.5368
39.5355
39.5341
39.5328
39.5314
39.5301
39.5287
39.5273
39.526
39.5247
39.5233
39.522
39.5206
39.5193
39.5179
39.5166
39.5152
39.5139
39.5125
39.5112
39.5098
39.5085
39.5072
39.5058
39.5045
39.5031
39.5018
39.5004
39.4991
39.4977
39.4964
39.4951
39.4937
39.4924
39.4911
39.4897
39.4883
39.4871
39.4857
39.4844
39.483
39.4817
39.4804
39.479
39.4777
39.4764
39.475
39.4737
39.4723
39.471
39.4697
39.4684
39.467
39.4657
39.4644
39.4631
39.4617
39.4604
39.4591
39.4578
39.4564
39.4551
39.4538
39.4525
39.4511
39.4498
39.4485
39.4472
39.4458
39.4445
39.4432
39.4419
39.4406
39.4392
39.4379
39.4366
39.4353
39.434
39.4326
39.4313
39.43
39.4287
39.4274
39.4261
39.4248
39.4234
39.4222
39.4208
39.4195
39.4182
39.4169
39.4156
39.4143
39.413
39.4117
39.4104
39.4091
39.4077
39.4064
39.4051
39.4038
39.4025
39.4012
39.3999
39.3986
39.3973
39.396
39.3947
39.3934
39.3921
39.3908
39.3895
39.3882
39.3869
39.3856
39.3843
39.383
39.3817
39.3804
39.3791
39.3778
39.3765
39.3752
39.3739
39.3726
39.3713
39.3701
39.3688
39.3675
39.3662
39.3649
39.3636
39.3623
39.361
39.3597
39.3584
39.3571
39.3559
39.3546
39.3533
39.352
39.3507
39.3494
39.3481
39.3469
39.3456
39.3443
39.343
39.3417
39.3405
39.3392
39.3378
39.3366
39.3353
39.334
39.3328
39.3315
39.3302
39.3289
39.3277
39.3264
39.3251
39.3238
39.3226
39.3213
39.32
39.3187
39.3175
39.3162
39.3149
39.3136
39.3124
39.3111
39.3098
39.3086
39.3073
39.306
39.3047
39.3035
39.3022
39.3009
39.2997
39.2984
39.2972
39.2959
39.2946
39.2934
39.2921
39.2908
39.2896
39.2883
39.287
39.2858
39.2845
39.2833
39.282
39.2808
39.2795
39.2782
39.277
39.2757
39.2744
39.2732
39.2719
39.2707
39.2694
39.2682
39.2669
39.2657
39.2644
39.2631
39.2619
39.2607
39.2594
39.2582
39.2569
39.2556
39.2544
39.2531
39.2519
39.2507
39.2494
39.2482
39.2469
39.2457
39.2444
39.2432
39.2419
39.2407
39.2394
39.2382
39.2369
39.2357
39.2345
39.2332
39.2319
39.2307
39.2295
39.2282
39.227
39.2258
39.2245
39.2233
39.2221
39.2208
39.2196
39.2183
39.2171
39.2159
39.2146
39.2134
39.2121
39.2109
39.2097
39.2085
39.2072
39.206
39.2048
39.2035
39.2023
39.2011
39.1998
39.1986
39.1974
39.1962
39.1949
39.1937
39.1925
39.1912
39.19
39.1888
39.1876
39.1864
39.1851
39.1839
39.1826
39.1814
39.1802
39.179
39.1777
39.1765
39.1753
39.1741
39.1729
39.1717
39.1704
39.1693
39.168
39.1668
39.1656
39.1643
39.1632
39.1619
39.1607
39.1595
39.1583
39.157
39.1558
39.1546
39.1534
39.1522
39.151
39.1497
39.1486
39.1473
39.1462
39.1449
39.1437
39.1425
39.1413
39.1401
39.1389
39.1377
39.1365
39.1353
39.1341
39.1329
39.1316
39.1304
39.1292
39.128
39.1268
39.1256
39.1244
39.1232
39.122
39.1208
39.1196
39.1184
39.1172
39.116
39.1148
39.1136
39.1124
39.1112
39.11
39.1088
39.1076
39.1064
39.1052
39.104
39.1028
39.1016
39.1004
39.0992
39.0981
39.0969
39.0957
39.0945
39.0933
39.0921
39.0909
39.0897
39.0885
39.0873
39.0861
39.0849
39.0838
39.0826
39.0814
39.0802
39.079
39.0778
39.0766
39.0754
39.0743
39.0731
39.0719
39.0707
39.0695
39.0683
39.0672
39.066
39.0648
39.0636
39.0624
39.0613
39.0601
39.0589
39.0577
39.0565
39.0554
39.0542
39.053
39.0518
39.0506
39.0494
39.0483
39.0471
39.046
39.0448
39.0436
39.0424
39.0412
39.0401
39.0389
39.0377
39.0365
39.0354
39.0342
39.033
39.0319
39.0307
39.0295
39.0283
39.0272
39.026
39.0248
39.0237
39.0225
39.0214
39.0202
39.019
39.0179
39.0167
39.0155
39.0144
39.0132
39.012
39.0109
39.0097
39.0086
39.0074
39.0062
39.0051
39.0039
39.0027
39.0016
39.0004
38.9992
38.9981
38.9969
38.9958
38.9946
38.9935
38.9923
38.9912
38.99
38.9889
38.9877
38.9865
38.9854
38.9842
38.9831
38.9819
38.9808
38.9796
38.9785
38.9773
38.9761
38.975
38.9738
38.9727
38.9716
38.9704
38.9693
38.9681
38.967
38.9658
38.9647
38.9635
38.9624
38.9613
38.9601
38.9589
38.9578
38.9567
38.9555
38.9544
38.9532
38.9521
38.9509
38.9498
38.9487
38.9475
38.9464
38.9452
38.9441
38.9429
38.9418
38.9407
38.9395
38.9384
38.9372
38.9361
38.935
38.9339
38.9327
38.9316
38.9304
38.9293
38.9282
38.927
38.9259
38.9248
38.9236
38.9225
38.9214
38.9202
38.9191
38.918
38.9169
38.9157
38.9146
38.9135
38.9123
38.9112
38.9101
38.9089
38.9078
38.9067
38.9056
38.9044
38.9033
38.9022
38.9011
38.8999
38.8988
38.8977
38.8966
38.8954
38.8943
38.8932
38.8921
38.8909
38.8898
38.8887
38.8876
38.8864
38.8854
38.8842
38.8831
38.882
38.8809
38.8798
38.8786
38.8775
38.8764
38.8753
38.8742
38.873
38.8719
38.8708
38.8697
38.8686
38.8675
38.8664
38.8652
38.8642
38.863
38.8619
38.8608
38.8597
38.8586
38.8575
38.8564
38.8552
38.8542
38.853
38.8519
38.8508
38.8497
38.8486
38.8475
38.8464
38.8453
38.8442
38.8431
38.8419
38.8409
38.8398
38.8386
38.8375
38.8364
38.8353
38.8342
38.8331
38.832
38.8309
38.8298
38.8287
38.8276
38.8265
38.8254
38.8243
38.8232
38.8221
38.821
38.8199
38.8188
38.8177
38.8166
38.8155
38.8144
38.8134
38.8123
38.8112
38.8101
38.809
38.8079
38.8068
38.8057
38.8046
38.8035
38.8024
38.8013
38.8002
38.7992
38.798
38.797
38.7958
38.7948
38.7937
38.7926
38.7915
38.7904
38.7893
38.7882
38.7872
38.7861
38.785
38.7839
38.7828
38.7818
38.7806
38.7796
38.7785
38.7774
38.7763
38.7752
38.7742
38.7731
38.772
38.7709
38.7698
38.7688
38.7677
38.7666
38.7655
38.7645
38.7634
38.7623
38.7612
38.7602
38.759
38.758
38.7569
38.7559
38.7547
38.7537
38.7526
38.7515
38.7504
38.7494
38.7483
38.7472
38.7462
38.7451
38.744
38.7429
38.7418
38.7408
38.7397
38.7387
38.7375
38.7365
38.7354
38.7343
38.7333
38.7322
38.7312
38.7301
38.729
38.728
38.7269
38.7258
38.7248
38.7237
38.7226
38.7215
38.7205
38.7194
38.7184
38.7173
38.7162
38.7151
38.7141
38.713
38.712
38.7109
38.7098
38.7088
38.7077
38.7067
38.7056
38.7046
38.7035
38.7024
38.7014
38.7003
38.6993
38.6982
38.6971
38.6961
38.695
38.694
38.6929
38.6918
38.6909
38.6898
38.6887
38.6876
38.6866
38.6855
38.6845
38.6834
38.6824
38.6813
38.6802
38.6792
38.6782
38.6771
38.6761
38.675
38.674
38.6729
38.6719
38.6708
38.6698
38.6687
38.6677
38.6666
38.6656
38.6645
38.6635
38.6624
38.6614
38.6604
38.6593
38.6583
38.6572
38.6562
38.6552
38.6541
38.653
38.652
38.651
38.6499
38.6489
38.6479
38.6468
38.6458
38.6447
38.6437
38.6426
38.6416
38.6406
38.6395
38.6385
38.6374
38.6364
38.6354
38.6344
38.6333
38.6323
38.6312
38.6302
38.6292
38.6281
38.6271
38.6261
38.625
38.624
38.6229
38.6219
38.6209
38.6199
38.6188
38.6178
38.6168
38.6158
38.6147
38.6137
38.6126
38.6117
38.6106
38.6096
38.6085
38.6075
38.6065
38.6055
38.6044
38.6034
38.6024
38.6013
38.6003
38.5993
38.5982
38.5972
38.5962
38.5952
38.5942
38.5931
38.5921
38.5911
38.5901
38.589
38.5881
38.587
38.586
38.585
38.584
38.5829
38.5819
38.5809
38.5799
38.5788
38.5778
38.5768
38.5758
38.5748
38.5738
38.5727
38.5718
38.5707
38.5697
38.5687
38.5677
38.5666
38.5656
38.5646
38.5636
38.5626
38.5616
38.5606
38.5596
38.5586
38.5575
38.5565
38.5555
38.5545
38.5535
38.5525
38.5515
38.5504
38.5495
38.5484
38.5474
38.5464
38.5454
38.5444
38.5434
38.5424
38.5414
38.5403
38.5394
38.5383
38.5373
38.5363
38.5354
38.5343
38.5334
38.5323
38.5314
38.5303
38.5294
38.5283
38.5273
38.5263
38.5253
38.5243
38.5233
38.5223
38.5213
38.5203
38.5193
38.5183
38.5173
38.5163
38.5153
38.5143
38.5133
38.5123
38.5113
38.5103
38.5094
38.5083
38.5074
38.5063
38.5054
38.5043
38.5034
38.5023
38.5014
38.5003
38.4994
38.4984
38.4974
38.4964
38.4954
38.4944
38.4934
38.4924
38.4914
38.4904
38.4895
38.4884
38.4875
38.4865
38.4855
38.4845
38.4835
38.4825
38.4815
38.4806
38.4796
38.4786
38.4776
38.4766
38.4756
38.4746
38.4737
38.4727
38.4717
38.4707
38.4697
38.4687
38.4677
38.4668
38.4658
38.4648
38.4638
38.4628
38.4619
38.4609
38.4599
38.4589
38.458
38.4569
38.456
38.455
38.454
38.453
38.4521
38.451
38.4501
38.4491
38.4481
38.4471
38.4462
38.4452
38.4442
38.4432
38.4423
38.4413
38.4403
38.4393
38.4384
38.4374
38.4364
38.4354
38.4345
38.4335
38.4326
38.4316
38.4306
38.4296
38.4287
38.4276
38.4267
38.4257
38.4248
38.4238
38.4229
38.4218
38.4209
38.4199
38.4189
38.418
38.417
38.416
38.4151
38.4141
38.4131
38.4122
38.4112
38.4102
38.4093
38.4083
38.4073
38.4064
38.4054
38.4044
38.4035
38.4025
38.4016
38.4006
38.3996
38.3987
38.3977
38.3968
38.3958
38.3948
38.3938
38.3929
38.3919
38.391
38.39
38.3891
38.3881
38.3872
38.3862
38.3852
38.3842
38.3833
38.3823
38.3814
38.3804
38.3795
38.3785
38.3776
38.3766
38.3757
38.3747
38.3738
38.3728
38.3719
38.3708
38.37
38.3689
38.368
38.367
38.3662
38.3651
38.3642
38.3632
38.3624
38.3613
38.3604
38.3594
38.3585
38.3575
38.3566
38.3556
38.3548
38.3537
38.3528
38.3518
38.351
38.3499
38.349
38.348
38.3472
38.3461
38.3453
38.3442
38.3434
38.3424
38.3415
38.3405
38.3396
38.3386
38.3377
38.3367
38.3358
38.3348
38.334
38.3329
38.3321
38.331
38.3302
38.3292
38.3283
38.3273
38.3265
38.3254
38.3246
38.3235
38.3227
38.3216
38.3208
38.3198
38.3189
38.3179
38.317
38.316
38.3152
38.3141
38.3133
38.3123
38.3114
38.3103
38.3096
38.3085
38.3077
38.3067
38.3059
38.3048
38.304
38.3029
38.3022
38.301
38.3003
38.2991
38.2984
38.2973
38.2966
38.2954
38.2947
38.2935
38.2928
38.2917
38.291
38.2898
38.2891
38.288
38.2872
38.2861
38.2854
38.2843
38.2836
38.2824
38.2817
38.2805
38.2799
38.2786
38.278
38.2768
38.2762
38.275
38.2743
38.2731
38.2725
38.2713
38.2706
38.2694
38.2688
38.2675
38.267
38.2657
38.2651
38.2638
38.2633
38.262
38.2615
38.2601
38.2596
38.2583
38.2578
38.2564
38.2559
38.2546
38.2541
38.2528
38.2523
38.2509
38.2505
38.2491
38.2487
38.2472
38.2468
38.2454
38.245
38.2435
38.2432
38.2417
38.2414
38.2398
38.2396
38.238
38.2377
38.2362
38.236
38.2343
38.2342
38.2325
38.2323
38.2306
38.2305
38.2288
38.2287
38.2269
38.2269
38.2251
38.2251
38.2232
38.2233
38.2214
38.2215
38.2196
38.2198
38.2177
38.218
38.2159
38.2162
38.214
38.2144
38.2122
38.2126
38.2103
38.2109
38.2085
38.2091
38.2067
38.2073
38.2048
38.2056
38.2029
38.2038
38.2011
38.2021
38.1992
38.2003
38.1973
38.1986
38.1955
38.1968
38.1936
38.1951
38.1917
38.1934
38.1899
38.1916
38.188
38.1899
38.1861
38.1882
38.1842
38.1865
38.1823
38.1848
38.1804
38.1831
38.1785
38.1815
38.1766
38.1798
38.1747
38.1781
38.1728
38.1765
38.1708
38.1748
38.1689
38.1732
38.1669
38.1716
38.165
38.17
38.163
38.1684
38.161
38.1669
38.159
38.1653
38.157
38.1638
38.155
38.1622
38.1529
38.1607
38.1508
38.1593
38.1487
38.1578
38.1466
38.1564
38.1445
38.155
38.1423
38.1536
38.1401
38.1523
38.1379
38.151
38.1356
38.1497
38.1333
38.1485
38.131
38.1473
38.1286
38.1462
38.1261
38.1451
38.1237
38.1441
38.1211
38.1431
38.1185
38.1422
38.1159
38.1414
38.1131
38.1407
38.1103
38.14
38.1073
38.1395
38.1044
38.139
38.1013
38.1386
38.0981
38.1384
38.0947
38.1382
38.0913
38.1383
38.0876
38.1384
38.0839
38.1388
38.0799
38.1393
38.0758
38.14
38.0715
38.1409
38.0669
38.142
38.0621
38.1434
38.0571
38.1451
38.0517
38.147
38.0461
38.1493
38.0401
38.152
38.0337
38.1549
38.0269
38.1655
38.0197
38.2143
38.012
38.2675
38.0037
38.3253
37.9949
38.3882
37.9855
38.4565
37.9753
38.5308
37.9645
38.6114
37.9528
38.6987
37.9403
38.7931
37.9269
38.8953
37.9124
39.0055
37.897
39.1241
37.8804
39.2516
37.8626
39.3881
37.8436
39.5337
37.8234
39.6885
37.9358
39.8524
38.1042
40.0248
38.4158
40.2052
38.7448
40.3927
39.0899
40.5858
39.4491
40.7832
39.8198
40.9829
40.1984
41.1827
40.5811
41.4038
41.0179
41.7761
41.5709
42.134
42.1083
42.4733
42.6222
42.7898
43.1063
43.0807
43.5692
43.3437
44.0369
43.5778
44.456
43.7827
44.8871
43.9591
45.2856
44.1086
45.6249
44.233
45.9086
44.3344
46.1588
44.4154
46.3711
44.4784
46.5367
44.5257
46.6615
44.5598
46.7517
44.5824
46.8122
44.5955
46.8477
44.6007
46.863
44.5996
46.8615
44.5931
46.8462
44.5826
46.8202
44.5686
46.7856
44.5522
46.7445
44.5337
46.6983
44.514
46.649
44.4933
46.5973
44.472
46.5442
44.4505
46.4905
44.429
46.4371
44.4076
46.384
44.3865
46.3352
44.366
46.2928
44.346
46.2518
44.3267
46.2124
44.3082
46.1745
44.2904
46.1383
44.2734
46.1041
44.2573
46.0721
44.2422
46.0418
44.2278
46.0135
44.2143
45.987
44.2016
45.9627
44.1899
45.9401
44.1789
45.9196
44.1689
45.9009
44.1597
45.8841
44.1511
45.869
44.1435
45.8558
44.1367
45.8443
44.1306
45.8345
44.1252
45.8264
44.1205
45.8197
44.1164
45.8145
44.1129
45.8105
44.1101
45.8081
44.108
45.8071
44.1064
45.8076
44.1054
45.809
44.1049
45.8115
44.1048
45.8153
44.1052
45.82
44.1061
45.8257
44.1074
45.8324
44.1091
45.8402
44.1113
45.8491
44.114
45.8588
44.117
45.8693
44.1203
45.8805
44.124
45.8927
44.128
45.9054
44.1323
45.9187
44.1369
45.9328
44.1417
45.9475
44.1469
45.9628
44.1522
45.9786
44.1578
45.9949
44.1636
46.0115
44.1696
46.0288
44.1759
46.0468
44.1824
46.065
44.189
46.0837
44.1957
46.1025
44.2027
46.1219
44.2098
46.1417
44.217
46.1615
44.2243
46.1816
44.2317
46.2021
44.2393
46.2229
44.2469
46.2436
44.2546
46.2648
44.2625
46.2862
44.2704
46.3079
44.2785
46.3298
44.2866
46.352
44.2949
46.3741
44.3031
46.3965
44.3114
46.4189
44.3198
46.4415
44.3283
46.4642
44.3367
46.4869
44.3451
46.5097
44.3536
46.5326
44.3622
46.5558
44.3708
46.579
44.3795
46.6023
44.3883
46.6257
44.3969
46.6496
44.4056
46.6764
44.4144
46.7034
44.4231
46.7301
44.4319
46.7571
44.4407
46.7843
44.4495
46.8113
44.4584
46.8386
44.4673
46.8659
44.4761
46.893
44.485
46.9203
44.4939
46.9476
44.5027
46.9748
44.5116
47.0021
44.5205
47.0294
44.5294
47.0567
44.5382
47.0839
44.547
47.111
44.5559
47.1382
44.5647
47.1656
44.5736
47.1928
44.5824
47.22
44.5912
47.2471
44.6
47.2741
44.6087
47.3013
44.6176
47.3285
44.6263
47.3554
44.635
47.3822
44.6437
47.4092
44.6525
47.4362
44.6612
47.4632
44.6699
47.4901
44.6785
47.5169
44.6872
47.5437
44.6959
47.5705
44.7044
47.5972
44.7131
47.624
44.7218
47.6508
44.7304
47.6774
44.7389
47.7081
44.7474
47.7386
44.7559
47.7691
44.7645
47.7995
44.773
47.8303
44.7815
47.8609
44.7901
47.8913
44.7985
47.9217
44.8069
47.9519
44.8154
47.9824
44.8239
48.0128
44.8322
48.0427
44.8406
48.0729
44.8489
48.1029
44.8573
48.1329
44.8656
48.1626
44.8738
48.1925
44.8821
48.2222
44.8903
48.2522
44.8986
48.282
44.9069
48.312
44.9151
48.3416
44.9233
48.371
44.9314
48.4003
44.9396
48.43
44.9477
48.4595
44.9559
48.4889
44.9639
48.5183
44.972
48.5474
44.9801
48.5767
44.9881
48.6057
44.9961
48.6348
45.0041
48.6639
45.012
48.6926
45.02
48.7218
45.028
48.7507
45.0358
48.7793
45.0438
48.8083
45.0517
48.837
45.0596
48.8659
45.0675
48.8946
45.0753
48.923
45.0832
48.9516
45.0909
48.98
45.0987
49.0084
45.1064
49.0367
45.1142
49.0649
45.1219
49.0931
45.1296
49.1214
45.1373
49.1496
45.145
49.1778
45.1526
49.2057
45.1602
49.2336
45.1679
49.2617
45.1755
49.2896
45.1831
49.3173
45.1906
49.3451
45.1982
49.3729
45.2057
49.4003
45.2131
49.4277
45.2206
49.4553
45.228
49.4827
45.2355
49.5101
45.2429
49.5378
45.2504
49.5652
45.2578
49.5926
45.2653
49.62
45.2726
49.6469
45.2799
49.6739
45.2871
49.7005
45.2944
49.7276
45.3017
49.7546
45.3089
49.7816
45.3163
49.8087
45.3236
49.8357
45.3309
49.8625
45.338
49.8891
45.3452
49.9159
45.3525
49.9429
45.3597
49.9695
45.3668
49.9959
45.374
50.0225
45.3811
50.0491
45.3882
50.0753
45.3953
50.1016
45.4024
50.1279
45.4094
50.1541
45.4165
50.1804
45.4234
50.2064
45.4304
50.2323
45.4373
50.2582
45.4443
50.2845
45.4513
50.3107
45.4583
50.3364
45.4652
50.3623
45.4721
50.3881
45.4789
50.4136
45.4858
50.4394
45.4926
50.465
45.4994
50.4903
45.5062
50.5159
45.513
50.5415
45.5198
50.5668
45.5267
50.5925
45.5334
50.6177
45.5401
50.6429
45.5468
50.6682
45.5536
50.6935
45.5604
50.719
45.567
50.7438
45.5736
50.7689
45.5803
50.7939
45.5869
50.8188
45.5934
50.8435
45.6
50.8682
45.6066
50.8932
45.6132
50.9182
45.6198
50.9432
45.6265
50.9681
45.633
50.9927
45.6395
51.0174
45.646
51.0421
45.6526
51.067
45.6591
51.0913
45.6655
51.1154
45.6718
51.1396
45.6782
51.1638
45.6847
51.1882
45.6911
51.2126
45.6975
51.2369
45.7039
51.261
45.7102
51.2853
45.7166
51.3094
45.7229
51.3335
45.7293
51.3574
45.7355
51.3812
45.7418
51.4053
45.7481
51.4291
45.7544
51.4528
45.7605
51.4763
45.7668
51.5001
45.7729
51.5235
45.7791
51.5473
45.7853
51.5708
45.7915
51.5943
45.7976
51.6179
45.8038
51.6415
45.81
51.6649
45.8161
51.6887
45.8223
51.7121
45.8284
51.7355
45.8345
51.7588
45.8406
51.782
45.8466
51.8049
45.8525
51.8277
45.8586
51.8508
45.8646
51.8741
45.8706
51.8971
45.8765
51.9197
45.8825
51.9426
45.8885
51.9657
45.8945
51.9886
45.9004
52.0113
45.9063
52.0339
45.9122
52.0569
45.9182
52.0798
45.9241
52.1024
45.93
52.1251
45.9358
52.1477
45.9416
52.1701
45.9475
52.1928
45.9534
52.2153
45.9592
52.2376
45.9649
52.2598
45.9707
52.282
45.9764
52.3041
45.9821
52.3264
45.9879
52.3485
45.9936
52.3704
45.9993
52.3925
46.0049
52.4145
46.0106
52.4367
46.0164
52.4588
46.0221
52.4809
46.0277
52.5028
46.0334
52.5247
46.0391
52.5468
46.0448
52.5686
46.0504
52.5905
46.056
52.6121
46.0615
52.6337
46.0671
52.6553
46.0726
52.6766
46.0781
52.6982
46.0837
52.72
46.0893
52.7416
46.0948
52.7631
46.1002
52.7842
46.1057
52.8054
46.1111
52.8268
46.1166
52.848
46.1221
52.8697
46.1276
52.8907
46.133
52.9118
46.1384
52.933
46.1438
52.9541
46.1492
52.9754
46.1546
52.9964
46.16
53.0174
46.1654
53.0383
46.1707
53.059
46.1759
53.0798
46.1813
53.1006
46.1867
53.1218
46.192
53.1426
46.1973
53.1632
46.2025
53.1839
46.2078
53.2046
46.2131
53.2253
46.2183
53.2458
46.2235
53.2664
46.2288
53.2868
46.2339
53.3071
46.2392
53.3277
46.2444
53.3482
46.2496
53.3687
46.2549
53.3892
46.26
53.4094
46.2651
53.4297
46.2703
53.4498
46.2753
53.47
46.2805
53.4902
46.2856
53.5102
46.2907
53.5303
46.2958
53.5505
46.3009
53.5705
46.3059
53.5904
46.3109
53.6102
46.316
53.6302
46.3211
53.6501
46.326
53.6698
46.331
53.6897
46.336
53.7094
46.3411
53.7294
46.3461
53.7491
46.351
53.7686
46.3559
53.788
46.3609
53.8078
46.3658
53.8275
46.3708
53.8473
46.3758
53.8666
46.3806
53.8859
46.3855
53.9055
46.3904
53.9247
46.3952
53.944
46.4001
53.9633
46.405
53.9829
46.4099
54.0022
46.4148
54.0216
46.4196
54.041
46.4245
54.0602
46.4293
54.0792
46.434
54.0979
46.4387
54.1168
46.4434
54.1358
46.4483
54.1549
46.453
54.1738
46.4577
54.1927
46.4625
54.2118
46.4672
54.2305
46.472
54.2496
46.4767
54.2684
46.4815
54.2873
46.4861
54.3058
46.4907
54.3242
46.4953
54.3427
46.5
54.3614
46.5047
54.3805
46.5095
54.3993
46.5142
54.418
46.5188
54.4368
46.5235
54.4552
46.5281
54.4739
46.5327
54.4922
46.5373
54.5106
46.5419
54.529
46.5464
54.5471
46.551
54.5655
46.5555
54.5836
46.56
54.6017
46.5645
54.6197
46.569
54.638
46.5736
54.6562
46.578
54.674
46.5825
54.692
46.5869
54.7099
46.5915
54.7283
46.5959
54.7463
46.6004
54.7644
46.605
54.7827
46.6094
54.8005
46.6139
54.8184
46.6183
54.8359
46.6226
54.8536
46.627
54.8713
46.6313
54.8888
46.6358
54.9068
46.6402
54.9244
46.6445
54.9419
46.6489
54.9599
46.6533
54.9774
46.6576
54.9951
46.662
55.0127
46.6663
55.0302
46.6707
55.0477
46.675
55.0649
46.6792
55.0821
46.6834
55.0991
46.6876
55.1164
46.692
55.1339
46.6962
55.1511
46.7004
55.1683
46.7047
55.1856
46.709
55.2029
46.7132
55.2201
46.7174
55.2373
46.7216
55.2541
46.7258
55.2715
46.7301
55.2885
46.7342
55.3053
46.7384
55.3225
46.7426
55.3396
46.7469
55.3567
46.751
55.3735
46.7552
55.3906
46.7593
55.4071
46.7634
55.424
46.7675
55.4408
46.7716
55.4575
46.7757
55.4741
46.7799
55.4912
46.784
55.5079
46.7881
55.5245
46.7922
55.5412
46.7962
55.5575
46.8002
55.5739
46.8042
55.5903
46.8082
55.6068
46.8123
55.6234
46.8163
55.6398
46.8204
55.6565
46.8244
55.6729
46.8284
55.689
46.8323
55.7054
46.8364
55.7219
46.8403
55.738
46.8443
55.7542
46.8483
55.7708
46.8523
55.7869
46.8562
55.8029
46.8602
55.8192
46.8641
55.8355
46.8681
55.8517
46.872
55.8678
46.8759
55.8835
46.8797
55.8994
46.8836
55.9156
46.8875
55.9316
46.8914
55.9475
46.8953
55.9636
46.8992
55.9795
46.9031
55.9954
46.907
56.0113
46.9108
56.0269
46.9145
56.0423
46.9183
56.0579
46.9221
56.0737
46.926
56.0895
46.9298
56.1052
46.9336
56.1208
46.9374
56.1368
46.9412
56.1523
46.945
56.1677
46.9488
56.1833
46.9525
56.1989
46.9563
56.2143
46.96
56.2295
46.9637
56.2452
46.9675
56.2607
46.9712
56.2758
46.9749
56.2913
46.9787
56.3069
46.9824
56.3221
46.9861
56.3377
46.9898
56.3529
46.9935
56.3681
46.9972
56.3833
47.0008
56.3984
47.0045
56.4134
47.0081
56.4285
47.0118
56.4436
47.0154
56.4587
47.019
56.4738
47.0227
56.4888
47.0263
56.5039
47.0299
56.5188
47.0335
56.5336
47.037
56.5484
47.0407
56.5637
47.0443
56.5787
47.0478
56.5933
47.0514
56.6081
47.055
56.6231
47.0586
56.638
47.0622
56.6528
47.0657
56.6676
47.0692
56.6821
47.0728
56.6968
47.0762
56.7109
47.0797
56.7255
47.0832
56.7402
47.0867
56.7547
47.0901
56.7692
47.0937
56.7842
47.0972
56.7986
47.1007
56.8133
47.1042
56.8276
47.1076
56.8421
47.1111
56.8565
47.1146
56.8709
47.118
56.8853
47.1215
56.8997
47.1248
56.9137
47.1283
56.928
47.1316
56.9421
47.135
56.9561
47.1383
56.9702
47.1417
56.9846
47.1452
56.999
47.1486
57.0132
47.1519
57.0271
47.1553
57.0414
47.1587
57.0554
47.162
57.0691
47.1653
57.083
47.1686
57.097
47.1719
57.1108
47.1753
57.1249
47.1786
57.139
47.1821
57.1534
47.1854
57.1671
47.1887
57.181
47.192
57.1951
47.1954
57.2091
47.1986
57.2225
47.2019
57.2366
47.2052
57.2503
47.2084
57.2637
47.2118
57.2779
47.215
57.2912
47.2187
57.3046
47.2236
57.3183
47.2285
57.3318
47.2334
57.3455
47.2384
57.3592
47.2433
57.3729
47.2482
57.3863
47.253
57.3997
47.258
57.4132
47.2632
57.4268
47.2682
57.4402
47.2732
57.4535
47.2784
57.467
47.2834
57.4803
47.2884
57.4936
47.2933
57.5069
47.2984
57.5203
47.3035
57.5338
47.3087
57.5474
47.3136
57.5605
47.3186
57.5737
47.3235
57.5867
47.3284
57.5999
47.3333
57.613
47.3383
57.6263
47.3432
57.6393
47.3482
57.6525
47.3531
57.6654
47.358
57.6786
47.3628
57.6915
47.3677
57.7044
47.3726
57.7174
47.3773
57.73
47.3822
57.743
47.3871
57.7562
47.392
57.769
47.3968
57.7819
47.4016
57.7947
47.4065
57.8081
47.4114
57.8209
47.4162
57.8336
47.4209
57.8463
47.4257
57.8591
47.4308
57.8716
47.4361
57.8841
47.4416
57.8969
47.4469
57.9093
47.4522
57.9218
47.4577
57.9346
47.4632
57.9474
47.4685
57.9599
47.4739
57.9726
47.4792
57.9849
47.4845
57.9974
47.4898
58.0099
47.4951
58.0223
47.5003
58.0345
47.5056
58.047
47.5109
58.0594
47.5162
58.072
47.5216
58.0845
47.5269
58.0968
47.5321
58.1092
47.5373
58.1215
47.5427
58.1339
47.5479
58.1463
47.5531
58.1585
47.5583
58.1708
47.5635
58.1828
47.5686
58.1949
47.5737
58.2069
47.5788
58.2191
47.584
58.2312
47.5891
58.2433
47.5943
58.2554
47.5994
58.2674
47.6045
58.2795
47.6097
58.2917
47.6148
58.3036
47.6198
58.3155
47.6249
58.3275
47.63
58.3396
47.6352
58.3517
47.6402
58.3635
47.6452
58.3753
47.6503
58.3873
47.6553
58.3991
47.6603
58.4111
47.6655
58.4232
47.6704
58.4348
47.6754
58.4464
47.6803
58.4581
47.6852
58.4699
47.6903
58.4817
47.6952
58.4932
47.7001
58.5049
47.7049
58.5164
47.7099
58.5281
47.7148
58.5399
47.7198
58.5516
47.7247
58.5632
47.7296
58.5748
47.7344
58.5862
47.7394
58.5978
47.7441
58.6091
47.7491
58.6209
47.7538
58.632
47.7588
58.6438
47.7637
58.6552
47.7684
58.6666
47.7733
58.6781
47.7782
58.6896
47.7827
58.7005
47.7876
58.7121
47.7924
58.7233
47.7971
58.7345
47.8018
58.7456
47.8066
58.7572
47.8113
58.7682
47.8161
58.7795
47.8207
58.7907
47.8256
58.8022
47.8305
58.8138
47.8352
58.825
47.8399
58.8361
47.8445
58.8469
47.8491
58.8581
47.8538
58.8691
47.8584
58.8801
47.8631
58.8913
47.8678
58.9023
47.8725
58.9134
47.8769
58.9241
47.8815
58.935
47.8862
58.9461
47.8907
58.9569
47.8955
58.9684
47.9002
58.9795
47.9047
58.9902
47.9093
59.0012
47.914
59.0123
47.9185
59.0229
47.923
59.0337
47.9275
59.0443
47.932
59.0551
47.9365
59.0659
47.9409
59.0763
47.9454
59.087
47.9499
59.098
47.9544
59.1086
47.959
59.1194
47.9634
59.1301
47.9679
59.1407
47.9723
59.1511
47.9766
59.1614
47.981
59.172
47.9855
59.183
47.99
59.1934
47.9944
59.2041
47.9989
59.2146
48.0032
59.2249
48.0075
59.2354
48.0118
59.2455
48.0162
59.256
48.0206
59.2666
48.0251
59.2774
48.0296
59.288
48.0338
59.2982
48.0382
59.3086
48.0425
59.319
48.0468
59.3293
48.0512
59.3397
48.0555
59.3498
48.0597
59.3601
48.064
59.3702
48.0682
59.3805
48.0725
59.3907
48.0769
59.4013
48.0812
59.4115
48.0853
59.4212
48.0894
59.4312
48.0935
59.4412
48.0979
59.4517
48.1022
59.4618
48.1064
59.472
48.1106
59.482
48.1149
59.4923
48.119
59.5022
48.1233
59.5125
48.1275
59.5223
48.1315
59.532
48.1356
59.542
48.1398
59.5521
48.1439
59.5618
48.1482
59.5722
48.1522
59.5819
48.1564
59.5918
48.1604
59.6016
48.1647
59.6117
48.1687
59.6215
48.173
59.6317
48.1772
59.6416
48.1811
59.6513
48.1852
59.6612
48.1892
59.6707
48.1933
59.6805
48.1973
59.6903
48.2015
59.7003
48.2054
59.7096
48.2095
59.7195
48.2134
59.729
48.2176
59.7389
48.2216
59.7485
48.2255
59.758
48.2294
59.7675
48.2335
59.7771
48.2374
59.7867
48.2414
59.7963
48.2454
59.806
48.2494
59.8155
48.2532
59.8248
48.2573
59.8346
48.2612
59.8442
48.2651
59.8535
48.2691
59.8632
48.2731
59.8726
48.277
59.8821
48.2808
59.8914
48.2848
59.9009
48.2886
59.9101
48.2925
59.9195
48.2965
59.9292
48.3003
59.9384
48.3042
59.9478
48.3081
59.9571
48.312
59.9665
48.3157
59.9756
48.3197
59.9853
48.3236
59.9947
48.3274
60.0037
48.3311
60.0126
48.3348
60.0216
48.3384
60.0305
48.3424
60.0402
48.3462
60.0491
48.3499
60.0582
48.3536
60.0672
48.3575
60.0766
48.3613
60.0858
48.365
60.0947
48.3688
60.1038
48.3725
60.1127
48.3761
60.1215
48.3799
60.1307
48.3835
60.1396
48.3873
60.1488
48.3911
60.1578
48.3948
60.1669
48.3984
60.1756
48.4023
60.1849
48.4059
60.1939
48.4097
60.203
48.4133
60.2117
48.4169
60.2206
48.4206
60.2295
48.4244
60.2385
48.4281
60.2475
48.4318
60.2564
48.4355
60.2655
48.439
60.2741
48.4427
60.2831
48.4463
60.2915
48.4499
60.3004
48.4536
60.3093
48.4572
60.3182
48.4607
60.3266
48.4642
60.3352
48.4678
60.3441
48.4715
60.3529
48.475
60.3613
48.4785
60.3699
48.4821
60.3786
48.4856
60.387
48.4892
60.3958
48.4928
60.4047
48.4964
60.4132
48.4998
60.4217
48.5033
60.43
48.5068
60.4388
48.5103
60.4473
48.5139
60.4557
48.5172
60.464
48.5207
60.4724
48.5241
60.4809
48.5276
60.4893
48.5311
60.4977
48.5346
60.5062
48.5382
60.5149
48.5415
60.5231
48.5451
60.5317
48.5484
60.5399
48.5519
60.5483
48.5553
60.5566
48.5588
60.5652
48.5622
60.5735
48.5656
60.5817
48.569
60.5902
48.5725
60.5986
48.576
60.6071
48.5793
60.6152
48.5828
60.6237
48.5862
60.6321
48.5897
60.6404
48.593
60.6483
48.5962
60.6563
48.5994
60.6642
48.6028
60.6725
48.6062
60.6808
48.6094
60.6888
48.6128
60.6968
48.6161
60.7049
48.6195
60.7133
48.6229
60.7216
48.6261
60.7294
48.6294
60.7374
48.6326
60.7453
48.6359
60.7532
48.639
60.7608
48.6422
60.7689
48.6456
60.7772
48.649
60.7854
48.6523
60.7934
48.6557
60.8019
48.659
60.8098
48.6622
60.8175
48.6653
60.8252
48.6685
60.833
48.6718
60.841
48.6749
60.8488
48.6783
60.8571
48.6815
60.8649
48.6848
60.8728
48.6879
60.8807
48.6911
60.8883
48.6942
60.8958
48.6974
60.9037
48.7007
60.9117
48.7037
60.9192
48.7068
60.9268
48.71
60.9347
48.7132
60.9427
48.7165
60.9506
48.7197
60.9583
48.7227
60.9659
48.7258
60.9734
48.7289
60.9811
48.7322
60.9889
48.7353
60.9966
48.7385
61.0044
48.7415
61.0118
48.7446
61.0194
48.7476
61.0269
48.7506
61.0343
48.7537
61.0419
48.7568
61.0494
48.76
61.057
48.763
61.0647
48.7662
61.0724
48.7692
61.08
48.7725
61.0877
48.7755
61.0951
48.7785
61.1025
48.7814
61.1098
48.7844
61.1173
48.7876
61.1248
48.7906
61.1324
48.7936
61.1397
48.7966
61.1471
48.7996
61.1544
48.8024
61.1614
48.8054
61.1688
48.8085
61.1764
48.8117
61.184
48.8145
61.1912
48.8175
61.1984
48.8203
61.2054
48.8233
61.2127
48.8263
61.2202
48.8292
61.2273
48.8323
61.235
48.8352
61.2421
48.8382
61.2496
48.8413
61.2571
48.8442
61.2642
48.8471
61.2713
48.85
61.2783
48.8528
61.2854
48.8558
61.2928
48.8587
61.2998
48.8615
61.3067
48.8643
61.3138
48.8672
61.3208
48.8701
61.3281
48.873
61.3352
48.8758
61.342
48.8787
61.3492
48.8817
61.3566
48.8847
61.364
48.8875
61.3708
48.8903
61.3778
48.8932
61.3848
48.8959
61.3915
48.8986
61.3983
48.9015
61.4056
48.9045
61.4127
48.9074
61.42
48.9103
61.427
48.913
61.4338
48.9158
61.4405
48.9185
61.4475
48.9213
61.4545
48.9241
61.4614
48.9271
61.4685
48.9297
61.4749
48.9323
61.4815
48.9352
61.4887
48.938
61.4955
48.9408
61.5024
48.9436
61.5093
48.9462
61.5158
48.949
61.5229
48.9518
61.5297
48.9545
61.5363
48.9573
61.5432
48.9599
61.5497
48.9627
61.5566
48.9654
61.5632
48.9681
61.5701
48.9709
61.5771
48.9737
61.5836
48.9763
61.5902
48.979
61.597
48.9819
61.604
48.9846
61.6107
48.9874
61.6176
48.9901
61.6242
48.9927
61.6306
48.9953
61.6372
48.9979
61.6437
49.0007
61.6505
49.0033
61.657
49.006
61.6637
49.0086
61.6703
49.0114
61.6771
49.0141
61.6837
49.0166
61.69
49.0192
61.6965
49.0218
61.7029
49.0243
61.7091
49.0269
61.7156
49.0296
61.7221
49.0321
61.7283
49.0346
61.7347
49.0373
61.7415
49.0401
61.7482
49.0427
61.7547
49.0453
61.7611
49.0478
61.7675
49.0505
61.7742
49.0532
61.7807
49.0559
61.7871
49.0582
61.7931
49.0607
61.7995
49.0634
61.806
49.0658
61.8119
49.0682
61.8179
49.0707
61.8241
49.0733
61.8305
49.0758
61.8369
49.0784
61.8434
49.081
61.8495
49.0834
61.8557
49.0859
61.862
49.0886
61.8686
49.0912
61.8749
49.0936
61.8811
49.096
61.8872
49.0986
61.8935
49.1013
61.9001
49.1038
61.9062
49.1062
61.9123
49.1087
61.9185
49.1111
61.9246
49.1137
61.931
49.1162
61.937
49.1186
61.943
49.121
61.949
49.1234
61.9551
49.1259
61.9615
49.1285
61.9677
49.1309
61.9737
49.1332
61.9794
49.1355
61.9853
49.1379
61.9912
49.1403
61.9971
49.1427
62.0031
49.1452
62.0096
49.1478
62.0159
49.1502
62.0219
49.1527
62.028
49.1551
62.0338
49.1574
62.04
49.16
62.0461
49.1624
62.0522
49.1648
62.0581
49.1671
62.0638
49.1693
62.0693
49.1716
62.0752
49.174
62.0813
49.1766
62.0876
49.179
62.0936
49.1813
62.0991
49.1836
62.1049
49.186
62.1109
49.1883
62.1167
49.1907
62.1228
49.1931
62.1287
49.1954
62.1344
49.1975
62.1397
49.1999
62.1458
49.2023
62.1516
49.2045
62.1572
49.2068
62.1631
49.2092
62.1688
49.2115
62.1748
49.2139
62.1807
49.2163
62.1864
49.2185
62.1922
49.221
62.1981
49.2231
62.2035
49.2253
62.2091
49.2276
62.2149
49.2299
62.2207
49.2323
62.2266
49.2346
62.2321
49.2368
62.2379
49.2391
62.2435
49.2414
62.2494
49.2437
62.255
49.2459
62.2605
49.2482
62.2662
49.2504
62.2716
49.2526
62.2771
49.2548
62.2828
49.2572
62.2887
49.2593
62.294
49.2616
62.2996
49.2637
62.3051
49.266
62.3109
49.2683
62.3165
49.2705
62.3221
49.2727
62.3275
49.2749
62.333
49.2771
62.3385
49.2794
62.3442
49.2815
62.3495
49.2838
62.3553
49.286
62.3608
49.2882
62.3661
49.2903
62.3715
49.2925
62.3771
49.2947
62.3825
49.2968
62.3878
49.299
62.3934
49.3011
62.3985
49.3033
62.404
49.3054
62.4094
49.3076
62.4149
49.3097
62.42
49.3119
62.4256
49.314
62.4308
49.3161
62.4361
49.3182
62.4414
49.3203
62.4469
49.3226
62.4523
49.3246
62.4573
49.3267
62.4626
49.3288
62.4681
49.3309
62.4734
49.3331
62.4788
49.3353
62.4841
49.3373
62.4892
49.3394
62.4945
49.3416
62.5
49.3437
62.5055
49.3458
62.5107
49.3479
62.5158
49.3499
62.5208
49.352
62.5261
49.354
62.5312
49.356
62.5362
49.358
62.5412
49.36
62.5464
49.3622
62.5518
49.3642
62.5568
49.3663
62.5619
49.3684
62.5673
49.3705
62.5726
49.3725
62.5778
49.3745
62.5827
49.3767
62.5881
49.3785
62.5926
49.3805
62.5977
49.3826
62.603
49.3847
62.6084
49.3868
62.6134
49.3888
62.6184
49.3908
62.6236
49.3929
62.6287
49.3949
62.6338
49.3968
62.6386
49.3988
62.6437
49.4008
62.6486
49.4028
62.6537
49.4048
62.6588
49.4068
62.6637
49.4088
62.6688
49.4109
62.6739
49.4128
62.6789
49.4148
62.6837
49.4166
62.6886
49.4187
62.6936
49.4206
62.6984
49.4224
62.7031
49.4244
62.7081
49.4264
62.7133
49.4284
62.7179
49.4303
62.7229
49.4323
62.7277
49.4342
62.7327
49.4363
62.7377
49.4381
62.7425
49.4401
62.7475
49.442
62.7524
49.444
62.7575
49.446
62.7621
49.4477
62.7667
49.4497
62.7716
49.4517
62.7768
49.4535
62.7812
49.4553
62.7858
49.4572
62.7907
49.4592
62.7956
49.4611
62.8003
49.463
62.8051
49.4648
62.8097
49.4667
62.8147
49.4687
62.8197
49.4706
62.8242
49.4724
62.829
49.4743
62.8336
49.4761
62.8381
49.4778
62.8427
49.4799
62.8478
49.4818
62.8526
49.4837
62.8575
49.4856
62.8622
49.4875
62.8668
49.4892
62.8713
49.4911
62.8761
49.493
62.8808
49.4949
62.8856
49.4968
62.8905
49.4987
62.895
49.5004
62.8995
49.5023
62.9041
49.5042
62.9088
49.5059
62.9134
49.5076
62.9177
49.5095
62.9226
49.5114
62.9272
49.5132
62.9319
49.515
62.9362
49.5168
62.9409
49.5186
62.9455
49.5204
62.9498
49.522
62.9539
49.5238
62.9584
49.5256
62.9632
49.5275
62.9678
49.5293
62.9724
49.531
62.9766
49.5326
62.981
49.5345
62.9855
49.5363
62.9902
49.5381
62.9946
49.5399
62.9994
49.5418
63.0039
49.5435
63.0084
49.5452
63.0126
49.5469
63.0169
49.5486
63.0212
49.5504
63.0258
49.5523
63.0305
49.5539
63.0346
49.5556
63.039
49.5574
63.0435
49.5591
63.0477
49.5607
63.0519
49.5626
63.0565
49.5643
63.0609
49.566
63.0652
49.5677
63.0693
49.5694
63.0739
49.5712
63.0785
49.573
63.0828
49.5747
63.0872
49.5765
63.0918
49.5783
63.0961
49.5798
63.1002
49.5815
63.1044
49.5832
63.1087
49.585
63.1133
49.5867
63.1177
49.5885
63.1218
49.59
63.1259
49.5917
63.1302
49.5935
63.1348
49.5951
63.1386
49.5967
63.1429
49.5983
63.1469
49.5999
63.1509
49.6016
63.1552
49.6032
63.1594
49.6049
63.1636
49.6066
63.168
49.6083
63.1722
49.61
63.1765
49.6116
63.1806
49.6133
63.1849
49.6148
63.1886
49.6164
63.1928
49.618
63.197
49.6198
63.2014
49.6214
63.2054
49.623
63.2095
49.6247
63.2138
49.6264
63.218
49.6279
63.2219
49.6296
63.2262
49.6311
63.23
49.6327
63.2341
49.6344
63.2384
49.636
63.2426
49.6376
63.2462
49.6391
63.2501
49.6406
63.254
49.6422
63.2583
49.644
63.2627
49.6455
63.2667
49.6472
63.271
49.6488
63.2751
49.6504
63.2789
49.6521
63.2832
49.6536
63.2871
49.6553
63.2912
49.6568
63.2951
49.6585
63.2995
49.66
63.3032
49.6616
63.3073
49.6631
63.311
49.6646
63.315
49.6661
63.3188
49.6676
63.3227
49.6692
63.3266
49.6708
63.3308
49.6725
63.3349
49.674
63.3388
49.6755
63.3425
49.6769
63.3465
49.6787
63.3508
49.6802
63.3545
49.6816
63.3582
49.6833
63.3623
49.6848
63.3662
49.6862
63.37
49.6877
63.3738
49.6893
63.3777
49.6908
63.3815
49.6924
63.3855
49.6939
63.3894
49.6954
63.3933
49.697
63.3972
49.6985
63.4012
49.7002
63.4052
49.7015
63.4088
49.703
63.4124
49.7045
63.4164
49.7061
63.4204
49.7075
63.424
49.7089
63.4276
49.7105
63.4316
49.712
63.4352
49.7134
63.4389
49.7148
63.4426
49.7164
63.4466
49.7179
63.4503
49.7193
63.4541
49.7209
63.4581
49.7224
63.4618
49.7239
63.4657
49.7253
63.4693
49.7267
63.4728
49.7282
63.4765
49.7296
63.4803
49.7311
63.4838
49.7325
63.4875
49.734
63.4912
49.7354
63.4948
49.7368
63.4985
49.7384
63.5027
49.7399
63.5064
49.7414
63.5101
49.7428
63.5137
49.7442
63.5174
49.7456
63.5206
49.7469
63.5243
49.7483
63.5277
49.7498
63.5316
49.7512
63.5352
49.7526
63.5387
49.754
63.5422
49.7554
63.5459
49.757
63.5497
49.7583
63.5533
49.7597
63.5566
49.761
63.5602
49.7624
63.5638
49.7639
63.5676
49.7654
63.5713
49.7667
63.5746
49.768
63.5781
49.7695
63.5817
49.7709
63.5855
49.7724
63.5891
49.7738
63.5926
49.775
63.5959
49.7764
63.5994
49.7778
63.6029
49.7792
63.6066
49.7806
63.61
49.7821
63.6138
49.7834
63.6172
49.7847
63.6204
49.786
63.6238
49.7874
63.6274
49.7886
63.6306
49.79
63.6341
49.7912
63.6373
49.7927
63.641
49.7941
63.6444
49.7954
63.6478
49.7968
63.6516
49.7982
63.6549
49.7996
63.6584
49.801
63.662
49.8023
63.6653
49.8036
63.6686
49.805
63.6722
49.8062
63.6754
49.8075
63.6787
49.8089
63.6822
49.8102
63.6855
49.8116
63.6893
49.8131
63.6929
49.8143
63.696
49.8156
63.6993
49.8169
63.7027
49.8182
63.706
49.8195
63.7093
49.8208
63.7125
49.8221
63.7158
49.8233
63.719
49.8247
63.7226
49.8259
63.7256
49.8272
63.729
49.8286
63.7326
49.8299
63.7359
49.8312
63.7392
49.8325
63.7425
49.8338
63.7457
49.835
63.749
49.8363
63.7522
49.8374
63.7552
49.8388
63.7587
49.8401
63.7619
49.8413
63.7651
49.8427
63.7686
49.844
63.7719
49.8452
63.7749
49.8464
63.7781
49.8478
63.7817
49.8491
63.785
49.8503
63.7879
49.8515
63.7911
49.8529
63.7947
49.8542
63.7979
49.8554
63.8012
49.8567
63.8042
49.8579
63.8075
49.8591
63.8104
49.8602
63.8135
49.8615
63.8167
49.8629
63.8202
49.8641
63.8234
49.8655
63.8267
49.8667
63.8298
49.8677
63.8326
49.869
63.8358
49.8702
63.839
49.8715
63.8422
49.8727
63.8453
49.874
63.8485
49.8752
63.8516
49.8763
63.8547
49.8777
63.8581
49.8789
63.8612
49.8801
63.8642
49.8813
63.8673
49.8824
63.87
49.8836
63.8731
49.8849
63.8765
49.886
63.8793
49.8872
63.8826
49.8885
63.8858
49.8897
63.8887
49.8908
63.8915
49.892
63.8947
49.8933
63.8979
49.8944
63.9008
49.8956
63.9039
49.8969
63.9071
49.8979
63.9098
49.8991
63.913
49.9003
63.9159
49.9015
63.9191
49.9028
63.9223
49.904
63.9252
49.905
63.9281
49.9061
63.931
49.9073
63.934
49.9085
63.937
49.9096
63.9398
49.9108
63.9429
49.912
63.946
49.9131
63.9488
49.9143
63.952
49.9156
63.9553
49.9168
63.9583
49.9179
63.9612
49.9191
63.9642
49.9203
63.9671
49.9214
63.9701
49.9226
63.9729
49.9236
63.9756
49.9247
63.9785
49.9259
63.9817
49.9271
63.9847
49.9282
63.9874
49.9292
63.9901
49.9304
63.9931
49.9316
63.9961
49.9328
63.9993
49.934
64.0023
49.9351
64.0051
49.9362
64.008
49.9373
64.0106
49.9384
64.0135
49.9396
64.0167
49.9408
64.0196
49.9417
64.022
49.9428
64.0248
49.9439
64.0277
49.945
64.0306
49.9461
64.0335
49.9473
64.0364
49.9483
64.0391
49.9495
64.042
49.9506
64.0448
49.9516
64.0477
49.9528
64.0508
49.954
64.0535
49.9549
64.0558
49.956
64.0589
49.9571
64.0617
49.9583
64.0646
49.9594
64.0674
49.9604
64.0701
49.9614
64.0727
49.9626
64.0759
49.9638
64.0789
49.9648
64.0813
49.9657
64.0838
49.9668
64.0867
49.9679
64.0894
49.969
64.0922
49.9701
64.0949
49.9712
64.098
49.9724
64.1009
49.9735
64.1036
49.9744
64.1059
49.9754
64.1086
49.9764
64.1113
49.9776
64.114
49.9785
64.1164
49.9795
64.1192
49.9806
64.122
49.9817
64.1247
49.9827
64.1274
49.9839
64.1305
49.9849
64.1331
49.986
64.1358
49.987
64.1384
49.988
64.141
49.989
64.1437
49.9901
64.1464
49.9912
64.1493
49.9923
64.152
49.9935
64.155
49.9945
64.1575
49.9954
64.1599
49.9963
64.1624
49.9974
64.1652
49.9985
64.1679
49.9994
64.1702
50.0004
64.173
50.0015
64.1756
50.0025
64.1782
50.0035
64.1807
50.0044
64.1831
50.0053
64.1855
50.0064
64.1883
50.0075
64.191
50.0086
64.1939
50.0095
64.1963
50.0106
64.1991
50.0115
64.2014
50.0126
64.2042
50.0136
64.2067
50.0145
64.209
50.0155
64.2116
50.0165
64.2141
50.0174
64.2166
50.0184
64.2194
50.0195
64.222
50.0206
64.2248
50.0216
64.2273
50.0225
64.2297
50.0234
64.232
50.0244
64.2346
50.0253
64.237
50.0264
64.2399
50.0274
64.2423
50.0284
64.245
50.0295
64.2477
50.0305
64.2501
50.0313
64.2523
50.0323
64.2547
50.0332
64.2571
50.034
64.2594
50.035
64.2619
50.0359
64.2642
50.0369
64.2669
50.0379
64.2693
50.0388
64.2716
50.0397
64.2739
50.0407
64.2766
50.0416
64.279
50.0426
64.2816
50.0436
64.2841
50.0446
64.2867
50.0456
64.2892
50.0466
64.2917
50.0476
64.2945
50.0485
64.2966
50.0495
64.2992
50.0504
64.3015
50.0513
64.3039
50.0521
64.3061
50.0532
64.3087
50.0541
64.3111
50.0549
64.3133
50.056
64.3159
50.0569
64.3185
50.0578
64.3204
50.0586
64.3226
50.0594
64.3249
50.0604
64.3273
50.0613
64.3297
50.0624
64.3325
50.0635
64.3353
50.0644
64.3375
50.0653
64.3399
50.0661
64.342
50.067
64.3443
50.0678
64.3463
50.0686
64.3485
50.0695
64.3509
50.0705
64.3535
50.0714
64.3557
50.0724
64.3583
50.0733
64.3606
50.0742
64.3632
50.0754
64.3658
50.0761
64.3677
50.0769
64.37
50.0779
64.3724
50.0788
64.3747
50.0797
64.3771
50.0806
64.3793
50.0813
64.3813
50.0822
64.3834
50.0831
64.3859
50.084
64.3882
50.085
64.3908
50.086
64.393
50.0866
64.3949
50.0875
64.3971
50.0884
64.3995
50.0894
64.402
50.0902
64.4042
50.091
64.4064
50.0919
64.4085
50.0929
64.4111
50.0938
64.4134
50.0945
64.4153
50.0954
64.4176
50.0965
64.4205
50.0975
64.4229
50.0984
64.4252
50.0991
64.4269
50.0997
64.4288
50.1007
64.4313
50.1016
64.4336
50.1025
64.4359
50.1033
64.4378
50.1042
64.4401
50.105
64.4423
50.1059
64.4447
50.1068
64.4469
50.1076
64.449
50.1084
64.4512
50.1093
64.4534
50.1101
64.4553
50.1109
64.4576
50.1119
64.4602
50.1127
64.4621
50.1135
64.4642
50.1144
64.4665
50.1151
64.4684
50.1159
64.4705
50.1168
64.4728
50.1176
64.4749
50.1184
64.477
50.1193
64.4793
50.1202
64.4817
50.1212
64.4842
50.1219
64.486
50.1227
64.488
50.1235
64.4901
50.1243
64.4922
50.1251
64.4945
50.126
64.4967
50.1268
64.4987
50.1276
64.5007
50.1284
64.5027
50.1292
64.5049
50.13
64.5071
50.1309
64.5093
50.1317
64.5111
50.1324
64.5132
50.1332
64.5153
50.1341
64.5175
50.1349
64.5195
50.1357
64.5215
50.1364
64.5235
50.1373
64.5256
50.1381
64.5279
50.1388
64.5297
50.1396
64.5318
50.1404
64.5337
50.1412
64.5358
50.142
64.5381
50.1429
64.5402
50.1436
64.542
50.1445
64.5442
50.1452
64.5463
50.1461
64.5486
50.1469
64.5505
50.1477
64.5528
50.1484
64.5545
50.1492
64.5566
50.1501
64.5588
50.1508
64.5607
50.1516
64.5629
50.1523
64.5647
50.1533
64.567
50.154
64.5688
50.1547
64.5708
50.1555
64.5727
50.1562
64.5745
50.157
64.5766
50.1577
64.5787
50.1587
64.581
50.1594
64.5829
50.1601
64.5848
50.161
64.5871
50.1617
64.5889
50.1624
64.5906
50.163
64.5922
50.1638
64.5942
50.1645
64.5961
50.1653
64.5981
50.166
64.6001
50.1668
64.6021
50.1675
64.6039
50.1683
64.6059
50.1691
64.6079
50.1697
64.6097
50.1706
64.6118
50.1712
64.6136
50.1721
64.6159
50.1729
64.6178
50.1735
64.6196
50.1745
64.6219
50.1752
64.6236
50.1758
64.6254
50.1764
64.6269
50.1771
64.6288
50.1779
64.6309
50.1787
64.6328
50.1795
64.6349
50.1802
64.6367
50.1809
64.6386
50.1817
64.6407
50.1824
64.6424
50.1832
64.6445
50.1839
64.6463
50.1847
64.6484
50.1854
64.6502
50.1862
64.6521
50.1869
64.6541
50.1877
64.6562
50.1884
64.6579
50.189
64.6596
50.1898
64.6617
50.1906
64.6636
50.1914
64.6657
50.1921
64.6675
50.1928
64.6692
50.1934
64.6709
50.1941
64.6728
50.1948
64.6746
50.1955
64.6764
50.1961
64.678
50.1968
64.6799
50.1976
64.6818
50.1984
64.6836
50.199
64.6854
50.1996
64.687
50.2003
64.6889
50.201
64.6907
50.2018
64.6928
50.2026
64.6947
50.2032
64.6963
50.2038
64.698
50.2046
64.7
50.2053
64.7018
50.2061
64.7038
50.2067
64.7054
50.2074
64.7072
50.2081
64.7089
50.2088
64.7107
50.2095
64.7125
50.2101
64.7139
50.2107
64.7159
50.2115
64.7177
50.2121
64.7194
50.2127
64.7209
50.2134
64.7228
50.2141
64.7247
50.2149
64.7267
50.2156
64.7285
50.2164
64.7305
50.2171
64.7323
50.2178
64.7342
50.2184
64.7356
50.2189
64.7371
50.2196
64.739
50.2203
64.7405
50.2209
64.7425
50.2217
64.7443
50.2223
64.7458
50.223
64.7477
50.2236
64.7493
50.2243
64.751
50.2249
64.7527
50.2257
64.7546
50.2263
64.7563
50.227
64.7579
50.2276
64.7596
50.2283
64.7613
50.2289
64.763
50.2296
64.7649
50.2302
64.7663
50.2308
64.7679
50.2315
64.7696
50.2321
64.7712
50.2329
64.7733
50.2335
64.7748
50.2342
64.7767
50.2348
64.7783
50.2354
64.7796
50.2361
64.7815
50.2367
64.7834
50.2374
64.785
50.2381
64.7866
50.2387
64.7884
50.2393
64.79
50.24
64.7918
50.2406
64.7931
50.2412
64.7948
50.2419
64.7967
50.2427
64.7986
50.2432
64.7999
50.2438
64.8015
50.2444
64.8031
50.245
64.8048
50.2457
64.8067
50.2465
64.8084
50.247
64.8098
50.2475
64.8113
50.2483
64.8131
50.2489
64.8148
50.2495
64.8162
50.25
64.8177
50.2507
64.8195
50.2514
64.8214
50.2521
64.8231
50.2526
64.8245
50.2532
64.8261
50.2538
64.8275
50.2544
64.8291
50.255
64.8306
50.2557
64.8324
50.2562
64.8339
50.2569
64.8356
50.2575
64.8372
50.2581
64.8389
50.2588
64.8403
50.2593
64.8419
50.2598
64.8433
50.2603
64.8446
50.261
64.8462
50.2616
64.848
50.2623
64.8497
50.2629
64.8514
50.2637
64.8532
50.2643
64.855
50.2649
64.8563
50.2654
64.8577
50.266
64.8592
50.2666
64.8609
50.2672
64.8624
50.2678
64.8638
50.2683
64.8652
50.2689
64.8668
50.2695
64.8685
50.2702
64.8701
50.2707
64.8714
50.2713
64.8729
50.2718
64.8743
50.2723
64.8756
50.2729
64.8773
50.2735
64.8789
50.2741
64.8802
50.2747
64.8819
50.2754
64.8837
50.2759
64.885
50.2764
64.8865
50.2771
64.8879
50.2776
64.8895
50.2782
64.891
50.2788
64.8927
50.2795
64.8943
50.2801
64.8959
50.2807
64.8975
50.2814
64.8992
50.2819
64.9004
50.2825
64.9021
50.2829
64.9032
50.2835
64.9047
50.2841
64.9062
50.2846
64.9076
50.2852
64.9089
50.2857
64.9104
50.2863
64.9121
50.2868
64.9134
50.2874
64.9149
50.288
64.9165
50.2886
64.9181
50.2892
64.9194
50.2897
64.9209
50.2904
64.9226
50.291
64.9241
50.2915
64.9257
50.2921
64.927
50.2927
64.9287
50.2931
64.9296
50.2936
64.931
50.2942
64.9326
50.2948
64.9341
50.2953
64.9353
50.2959
64.9369
50.2964
64.9384
50.297
64.9398
50.2975
64.941
50.2979
64.9421
50.2984
64.9434
50.299
64.945
50.2995
64.9464
50.3002
64.9481
50.3007
64.9496
50.3012
64.951
50.3018
64.9523
50.3023
64.9538
50.303
64.9553
50.3034
64.9564
50.3039
64.958
50.3045
64.9593
50.305
64.9607
50.3056
64.9623
50.3063
64.964
50.3068
64.9651
50.3073
64.9666
50.3078
64.9678
50.3083
64.9694
50.3089
64.9706
50.3093
64.9718
50.3098
64.9731
50.3103
64.9745
50.3108
64.9757
50.3114
64.9774
50.312
64.9789
50.3126
64.9805
50.3132
64.9818
50.3136
64.983
50.3141
64.9842
50.3145
64.9853
50.3151
64.987
50.3156
64.9882
50.3161
64.9896
50.3168
64.9912
50.3172
64.9923
50.3177
64.9937
50.3182
64.9951
50.3187
64.9964
50.3192
64.9977
50.3198
64.9991
50.3203
65.0004
50.3208
65.0018
50.3214
65.0033
50.3219
65.0045
50.3222
65.0055
50.3227
65.0067
50.3232
65.0081
50.3237
65.0095
50.3243
65.0108
50.3248
65.0122
50.3254
65.0137
50.3259
65.0149
50.3263
65.0163
50.3269
65.0176
50.3273
65.0189
50.328
65.0204
50.3284
65.0214
50.3288
65.0226
50.3292
65.0236
50.3297
65.0251
50.3303
65.0266
50.3308
65.0277
50.3313
65.029
50.3317
65.0301
50.3321
65.0313
50.3327
65.0328
50.3332
65.0342
50.3337
65.0354
50.3342
65.0365
50.3346
65.0378
50.3351
65.0392
50.3356
65.0405
50.3361
65.0417
50.3367
65.0433
50.3372
65.0445
50.3376
65.0455
50.3382
65.0471
50.3387
65.0485
50.3392
65.0497
50.3396
65.0508
50.34
65.0519
50.3406
65.0532
50.3409
65.0542
50.3414
65.0554
50.342
65.057
50.3424
65.0581
50.3429
65.0595
50.3434
65.0606
50.3439
65.062
50.3443
65.063
50.3447
65.0641
50.3453
65.0657
50.3458
65.0668
50.3463
65.0682
50.3468
65.0695
50.3473
65.0707
50.3478
65.0722
50.3483
65.0734
50.3487
65.0745
50.3492
65.0758
50.3497
65.0769
50.3501
65.0779
50.3504
65.0788
50.351
65.0804
50.3515
65.0817
50.3519
65.0827
50.3523
65.0838
50.3527
65.0847
50.3531
65.0861
50.3537
65.0874
50.3542
65.0888
50.3546
65.0899
50.3551
65.0912
50.3556
65.0922
50.3561
65.0936
50.3564
65.0945
50.3568
65.0956
50.3572
65.0966
50.3577
65.0981
50.3581
65.0991
50.3586
65.1002
50.3591
65.1016
50.3595
65.1027
50.36
65.104
50.3605
65.1055
50.3611
65.1069
50.3616
65.1079
50.3619
65.109
50.3624
65.11
50.3628
65.1113
50.3633
65.1126
50.3638
65.1139
50.3643
65.115
50.3647
65.1161
50.3651
65.1172
50.3656
65.1186
50.3661
65.1197
50.3665
65.1208
50.3669
65.1217
50.3673
65.1229
50.3676
65.1237
50.368
65.1248
50.3684
65.1259
50.369
65.1276
50.3697
65.1291
50.3699
65.1298
50.3703
65.1306
50.3706
65.1318
50.3712
65.1331
50.3715
65.134
50.3719
65.135
50.3724
65.1362
50.3728
65.1375
50.3734
65.1386
50.3737
65.1396
50.3741
65.1407
50.3745
65.1417
50.375
65.143
50.3754
65.1442
50.3759
65.1453
50.3762
65.1462
50.3766
65.1472
50.377
65.1484
50.3774
65.1494
50.3778
65.1505
50.3782
65.1514
50.3787
65.1526
50.3791
65.1538
50.3796
65.1551
50.38
65.1561
50.3805
65.1573
50.3808
65.1584
50.3812
65.1592
50.3817
65.1605
50.3822
65.1618
50.3827
65.163
50.383
65.1639
50.3835
65.1651
50.3837
65.1658
50.3841
65.1669
50.3845
65.1678
50.385
65.1691
50.3854
65.17
50.3857
65.1711
50.3861
65.172
50.3865
65.173
50.387
65.1744
50.3876
65.1757
50.3878
65.1764
50.3882
65.1774
50.3887
65.1788
50.3891
65.1798
50.3895
65.1808
50.3899
65.1819
50.3904
65.1832
50.3909
65.1845
50.3913
65.1855
50.3918
65.1867
50.3921
65.1877
50.3925
65.1887
50.3928
65.1893
50.3931
65.1902
50.3935
65.1913
50.3939
65.1925
50.3944
65.1937
50.3947
65.1944
50.3951
65.1954
50.3954
65.1964
50.3958
65.1974
50.3962
65.1985
50.3967
65.1998
50.3971
65.2008
50.3975
65.2018
50.3978
65.2026
50.3982
65.2035
50.3985
65.2044
50.3989
65.2055
50.3994
65.2067
50.3998
65.2076
50.4001
65.2086
50.4006
65.2099
50.401
65.2109
50.4012
65.2115
50.4015
65.2123
50.4019
65.2134
50.4024
65.2147
50.4028
65.2158
50.4033
65.217
50.4036
65.2177
50.4039
65.2186
50.4044
65.2199
50.4048
65.2208
50.4052
65.2219
50.4056
65.2229
50.406
65.2237
50.4063
65.2247
50.4067
65.2259
50.4071
65.2269
50.4075
65.2279
50.4078
65.2287
50.4083
65.2298
50.4086
65.2307
50.4088
65.2314
50.4092
65.2323
50.4095
65.2332
50.4101
65.2347
50.4106
65.2361
50.4111
65.2371
50.4113
65.2377
50.4115
65.2384
50.4119
65.2394
50.4123
65.2403
50.4128
65.2416
50.413
65.2422
50.4134
65.2432
50.4138
65.2442
50.4141
65.2451
50.4145
65.2463
50.4149
65.247
50.4152
65.248
50.4155
65.2487
50.4158
65.2496
50.4162
65.2507
50.4166
65.2517
50.417
65.2528
50.4174
65.2537
50.4177
65.2546
50.4181
65.2558
50.4186
65.2569
50.4189
65.2576
50.4191
65.2582
50.4195
65.2594
50.4199
65.2603
50.4203
65.2613
50.4206
65.2622
50.421
65.2632
50.4214
65.264
50.4216
65.2648
50.4219
65.2656
50.4223
65.2665
50.4226
65.2674
50.423
65.2684
50.4234
65.2694
50.4237
65.2702
50.4242
65.2715
50.4245
65.2721
50.4247
65.2727
50.4251
65.2738
50.4255
65.2748
50.4258
65.2757
50.4263
65.2771
50.4266
65.2778
50.427
65.2787
50.4271
65.2792
50.4275
65.2803
50.4279
65.2812
50.4283
65.2822
50.4287
65.2834
50.429
65.2839
50.4293
65.2849
50.4298
65.2863
50.4303
65.2873
50.4304
65.2877
50.4306
65.2884
50.4311
65.2895
50.4314
65.2904
50.4318
65.2912
50.4321
65.2921
50.4325
65.2932
50.4328
65.2939
50.4331
65.2947
50.4334
65.2956
50.4337
65.2963
50.434
65.2971
50.4343
65.2979
50.4347
65.2989
50.4351
65.3001
50.4355
65.3011
50.4358
65.3016
50.4359
65.3022
50.4363
65.3031
50.4368
65.3044
50.4372
65.3054
50.4375
65.3061
50.4376
65.3065
50.4379
65.3074
50.4383
65.3083
50.4387
65.3094
50.439
65.3101
50.4394
65.3112
50.4397
65.312
50.4401
65.313
50.4404
65.314
50.4408
65.3146
50.4409
65.3154
50.4413
65.3161
50.4416
65.3169
50.4418
65.3177
50.4423
65.3189
50.4427
65.3199
50.4431
65.3209
50.4433
65.3214
50.4436
65.322
50.4438
65.3228
50.4442
65.3237
50.4444
65.3243
50.4447
65.3253
50.4451
65.3261
50.4455
65.3273
50.4457
65.3276
50.4461
65.3288
50.4465
65.3297
50.4467
65.3303
50.447
65.3314
50.4474
65.3321
50.4476
65.3327
50.4479
65.3334
50.4481
65.334
50.4485
65.3352
50.4489
65.3362
50.4492
65.3368
50.4496
65.3378
50.4498
65.3383
50.4501
65.3392
50.4506
65.3406
50.4509
65.3412
50.4511
65.3417
50.4513
65.3425
50.4516
65.3433
50.452
65.3441
50.4522
65.3447
50.4524
65.3455
50.4529
65.3465
50.453
65.3471
50.4534
65.3477
50.4537
65.3487
50.4541
65.3498
50.4544
65.3505
50.4548
65.3515
50.4551
65.3523
50.4555
65.3533
50.4556
65.3536
50.4559
65.3545
50.4563
65.3554
50.4566
65.3562
50.4568
65.3568
50.4572
65.3577
50.4573
65.3581
50.4576
65.3589
50.458
65.36
50.4583
65.3605
50.4585
65.3613
50.4589
65.3622
50.4593
65.3632
50.4596
65.3641
50.4599
65.365
50.4603
65.3659
50.4606
65.3667
50.4608
65.3672
50.461
65.3678
50.4612
65.3683
50.4616
65.3692
50.4618
65.3699
50.4622
65.371
50.4625
65.3716
50.4627
65.3721
50.4631
65.3732
50.4633
65.3739
50.4636
65.3747
50.464
65.3755
50.4641
65.3758
50.4644
65.3769
50.4648
65.3776
50.465
65.3781
50.4652
65.379
50.4655
65.3794
50.4657
65.3802
50.466
65.3808
50.4663
65.3816
50.4665
65.3823
50.4669
65.3832
50.4672
65.384
50.4675
65.385
50.4679
65.3858
50.4681
65.3864
50.4682
65.3866
50.4686
65.3878
50.4688
65.3884
50.4692
65.3891
50.4694
65.3898
50.4696
65.3905
50.4699
65.3911
50.4703
65.3922
50.4706
65.3931
50.4711
65.3941
50.4714
65.3948
50.4716
65.3953
50.4718
65.3958
50.4719
65.3964
50.4723
65.3976
50.4726
65.3982
50.4729
65.3989
50.4731
65.3996
50.4735
65.4004
50.4737
65.4011
50.4741
65.4021
50.4742
65.4023
50.4745
65.4032
50.4749
65.404
50.4751
65.4046
50.4753
65.4052
50.4755
65.4056
50.4757
65.4064
50.4761
65.4074
50.4764
65.4079
50.4765
65.4082
50.4767
65.4089
50.477
65.4098
50.4773
65.4105
50.4775
65.411
50.4779
65.4119
50.4781
65.4127
50.4783
65.4132
50.4787
65.414
50.4789
65.4146
50.4793
65.4156
50.4796
65.4164
50.4798
65.4168
50.4799
65.4174
50.4802
65.418
50.4804
65.4188
50.4808
65.4195
50.481
65.4202
50.4813
65.421
50.4816
65.4218
50.482
65.4226
50.4822
65.4232
50.4825
65.4239
50.4827
65.4245
50.4829
65.425
50.4831
65.4258
50.4835
65.4267
50.4837
65.4273
50.4841
65.4282
50.4842
65.4286
50.4845
65.4292
50.4848
65.4301
50.485
65.4307
50.4852
65.431
50.4855
65.4319
50.4858
65.4325
50.486
65.4331
50.4863
65.4341
50.4867
65.435
50.4869
65.4356
50.4871
65.436
50.4872
65.4364
50.4874
65.437
50.4877
65.4377
50.4879
65.4383
50.4883
65.4392
50.4885
65.4398
50.4888
65.4407
50.4891
65.4412
50.4892
65.4417
50.4895
65.4426
50.4898
65.4432
50.49
65.4437
50.4904
65.4448
50.4907
65.4454
50.4908
65.4457
50.4909
65.4461
50.4912
65.4469
50.4915
65.4477
50.4918
65.4486
50.4922
65.4493
50.4923
65.4498
50.4925
65.4502
50.4926
65.4505
50.493
65.4516
50.4932
65.4521
50.4933
65.4525
50.4937
65.4532
50.4939
65.4539
50.4942
65.4546
50.4945
65.4554
50.4946
65.4558
50.4949
65.4566
50.4951
65.4571
50.4954
65.4578
50.4956
65.4582
50.4958
65.459
50.4961
65.4597
50.4963
65.4603
50.4965
65.4607
50.4967
65.4614
50.4971
65.4623
50.4972
65.4625
50.4973
65.463
50.4977
65.4639
50.498
65.4646
50.4981
65.465
50.4984
65.4657
50.4986
65.4663
50.4989
65.4671
50.4991
65.4675
50.4992
65.4679
50.4995
65.4687
50.4999
65.4699
50.5003
65.4705
50.5003
65.4708
50.5006
65.4715
50.5008
65.4718
50.5009
65.4723
50.5012
65.4733
50.5015
65.4737
50.5016
65.4743
50.5018
65.4745
50.502
65.4752
50.5023
65.4761
50.5026
65.4767
50.5028
65.4773
50.5031
65.478
50.5033
65.4785
50.5036
65.4793
50.5039
65.48
50.5041
65.4805
50.5042
65.4808
50.5043
65.481
50.5044
65.4815
50.5048
65.4825
50.5049
65.4828
50.5051
65.4834
50.5054
65.4841
50.5056
65.4845
50.5057
65.485
50.506
65.4858
50.5064
65.4867
50.5066
65.4871
50.5067
65.4876
50.507
65.4885
50.5074
65.4893
50.5075
65.4896
50.5077
65.49
50.5079
65.4907
50.5082
65.4914
50.5083
65.4916
50.5084
65.492
50.5087
65.4926
50.5089
65.4934
50.5091
65.4939
50.5093
65.4943
50.5096
65.4952
50.5098
65.4958
50.5102
65.4967
50.5104
65.4972
50.5105
65.4976
50.5107
65.498
50.5109
65.4986
50.5112
65.4992
50.5114
65.4998
50.5117
65.5005
50.5118
65.5008
50.512
65.5015
50.5124
65.5025
50.5126
65.5028
50.5128
65.5036
50.5132
65.5045
50.5133
65.5046
50.5133
65.5049
50.5136
65.5055
50.5138
65.5062
50.5141
65.5067
50.5142
65.5073
50.5145
65.5078
50.5146
65.5081
50.5148
65.5085
50.5149
65.509
50.5151
65.5096
50.5153
65.5101
50.5154
65.5104
50.5157
65.5112
50.516
65.512
50.5162
65.5125
50.5165
65.5132
50.5167
65.5135
50.5167
65.5136
50.5169
65.5143
50.5171
65.5148
50.5172
65.5151
50.5174
65.5156
50.5176
65.5161
50.5179
65.5169
50.5182
65.5178
50.5185
65.5184
50.5187
65.519
50.5188
65.5192
50.519
65.5197
50.5191
65.5199
50.5193
65.5205
50.5195
65.5213
50.5197
65.5216
50.5198
65.5219
50.5201
65.5227
50.5203
65.5233
50.5206
65.5238
50.5208
65.5243
50.521
65.5249
50.5211
65.5253
50.5213
65.5258
50.5215
65.5265
50.5218
65.527
50.5219
65.5274
50.5223
65.5284
50.5225
65.5291
50.5228
65.5295
50.5228
65.5296
50.5231
65.5305
50.5233
65.531
50.5236
65.5317
50.5237
65.5319
50.5237
65.5321
50.5238
65.5324
50.524
65.5328
50.5243
65.5338
50.5246
65.5342
50.5248
65.5349
50.5249
65.5351
50.5251
65.5359
50.5253
65.5364
50.5256
65.5371
50.5258
65.5376
50.526
65.538
50.5262
65.5387
50.5264
65.5391
50.5264
65.5392
50.5267
65.5398
50.5269
65.5406
50.5271
65.541
50.5272
65.5414
50.5273
65.5416
50.5275
65.5421
50.5278
65.5428
50.5279
65.543
50.5281
65.5435
50.5282
65.544
50.5284
65.5442
50.5285
65.5449
50.5287
65.5453
50.5289
65.5458
50.5291
65.5466
50.5296
65.5475
50.5297
65.5477
50.5297
65.548
50.5299
65.5483
50.5301
65.549
50.5304
65.5496
50.5306
65.5501
50.5307
65.5505
50.5308
65.5508
50.5309
65.551
50.5312
65.5519
50.5315
65.5527
50.5318
65.5534
50.5319
65.5535
50.5321
65.5541
50.5321
65.5543
50.5324
65.555
50.5326
65.5555
50.5328
65.5559
50.5331
65.5568
50.5333
65.5573
50.5335
65.5577
50.5336
65.5579
50.5338
65.5584
50.5339
65.5587
50.5341
65.5593
50.5343
65.5598
50.5344
65.5601
50.5346
65.5607
50.5349
65.5614
50.535
65.5618
50.5351
65.562
50.5352
65.5623
50.5354
65.5629
50.5357
65.5636
50.5359
65.5639
50.5359
65.5641
50.5361
65.5645
50.5363
65.5652
50.5365
65.5657
50.5368
65.5663
50.5368
65.5665
50.537
65.5669
50.537
65.567
50.5372
65.5676
50.5374
65.5682
50.5376
65.5686
50.5378
65.569
50.5381
65.5699
50.5382
65.5701
50.5383
65.5704
50.5385
65.571
50.5386
65.5713
50.5389
65.5722
50.5391
65.5726
50.5393
65.573
50.5395
65.5736
50.5398
65.5744
50.5399
65.5745
50.5399
65.5745
50.54
65.5749
50.5402
65.5753
50.5403
65.5758
50.5405
65.5763
50.5408
65.5769
50.5408
65.5773
50.5412
65.578
50.5414
65.5784
50.5415
65.5786
50.5415
65.5789
50.5417
65.5794
50.5419
65.5799
50.542
65.5802
50.5422
65.5808
50.5424
65.5812
50.5426
65.5815
50.5428
65.5823
50.5431
65.583
50.5433
65.5834
50.5435
65.5839
50.5436
65.5844
50.5437
65.5844
50.5438
65.5847
50.5438
65.585
50.5442
65.5858
50.5444
65.5864
50.5445
65.5865
50.5446
65.5871
50.5448
65.5874
50.5449
65.5876
50.545
65.588
50.5453
65.5888
50.5455
65.5892
50.5455
65.5894
50.5458
65.5901
50.5459
65.5901
50.5459
65.5902
50.546
65.5906
50.5462
65.5911
50.5464
65.5917
50.5465
65.592
50.5466
65.5923
50.5467
65.5927
50.5471
65.5935
50.5474
65.5943
50.5475
65.5945
50.5475
65.5947
50.5477
65.595
50.5479
65.5957
50.548
65.5959
50.5482
65.5963
50.5482
65.5964
50.5483
65.5968
50.5487
65.5978
50.5489
65.598
50.549
65.5985
50.549
65.5987
50.5492
65.5991
50.5493
65.5995
50.5494
65.5994
50.5495
65.6
50.5497
65.6005
50.5499
65.6008
50.55
65.6012
50.5502
65.6017
50.5505
65.6025
50.5506
65.6027
50.5507
65.603
50.551
65.6038
50.5513
65.6044
50.5513
65.6046
50.5514
65.6048
50.5515
65.6053
50.5518
65.6057
50.5517
65.6056
50.552
65.6065
50.5522
65.6069
50.5523
65.6071
50.5524
65.6075
50.5525
65.6077
50.5527
65.6082
50.5528
65.6085
50.5529
65.6088
50.553
65.6093
50.5532
65.6097
50.5535
65.6103
50.5537
65.6109
50.5538
65.6111
50.5539
65.6114
50.5541
65.6119
50.5544
65.6127
50.5546
65.6132
50.5547
65.6134
50.5548
65.6137
50.5548
65.6138
50.555
65.6143
50.555
65.6144
50.5552
65.6149
50.5555
65.6157
50.5556
65.616
50.5558
65.6162
50.5559
65.6166
50.556
65.6169
50.5562
65.6174
50.5563
65.6178
50.5564
65.618
50.5566
65.6184
50.5567
65.6187
50.5568
65.6188
50.5568
65.6192
50.5569
65.6195
50.5572
65.6202
50.5575
65.6209
50.5577
65.6212
50.5577
65.6212
50.5578
65.6218
50.5578
65.6218
50.5579
65.622
50.5581
65.6225
50.5583
65.623
50.5584
65.6233
50.5586
65.6239
50.5589
65.6245
50.559
65.6248
50.5592
65.6253
50.5593
65.6256
50.5595
65.6258
50.5594
65.6259
50.5597
65.6268
50.5599
65.6271
50.5601
65.6275
50.5602
65.6276
50.5602
65.6278
50.5602
65.628
50.5603
65.6283
50.5604
65.6286
50.5608
65.6296
50.561
65.63
50.5611
65.6301
50.5612
65.6306
50.5611
65.6304
50.5613
65.6308
50.5615
65.6314
50.5617
65.6318
50.5617
65.632
50.5619
65.6325
50.562
65.6327
50.5623
65.6332
50.5624
65.6338
50.5626
65.6343
50.5627
65.6345
50.5629
65.635
50.563
65.6352
50.5631
65.6355
50.5632
65.636
50.5633
65.636
50.5634
65.6363
50.5635
65.6367
50.5636
65.6369
50.5637
65.6372
50.5639
65.6378
50.5641
65.6383
50.5643
65.6386
50.5644
65.6391
50.5646
65.6394
50.5647
65.6397
50.5649
65.6402
50.5651
65.6407
50.5652
65.641
50.5653
65.6414
50.5655
65.6418
50.5656
65.642
50.5657
65.6424
50.5658
65.6427
50.5659
65.6429
50.5661
65.6433
50.5662
65.6438
50.5664
65.6443
50.5666
65.6447
50.5666
65.6447
50.5667
65.6448
50.5667
65.645
50.5668
65.6454
50.567
65.6458
50.5672
65.6463
50.5673
65.6467
50.5674
65.6469
50.5675
65.6472
50.5677
65.6476
50.5679
65.6481
50.5681
65.6485
50.5681
65.6487
50.5682
65.6488
50.5682
65.6489
50.5684
65.6496
50.5685
65.6497
50.5685
65.6498
50.5687
65.6503
50.5689
65.6507
50.569
65.6509
50.5691
65.6513
50.5693
65.6519
50.5694
65.6521
50.5695
65.6522
50.5695
65.6523
50.5696
65.6527
50.5698
65.6531
50.5699
65.6537
50.5701
65.6539
50.5703
65.6544
50.5703
65.6546
50.5705
65.6549
50.5707
65.6556
50.5708
65.6557
50.5709
65.6562
50.571
65.6563
50.5711
65.6565
50.5712
65.6567
50.5713
65.657
50.5714
65.6573
50.5716
65.6579
50.5718
65.6582
50.5718
65.6584
50.5719
65.6585
50.5719
65.6588
50.572
65.6591
50.5722
65.6594
50.5722
65.6596
50.5725
65.6605
50.5727
65.6607
50.5728
65.6611
50.5729
65.6613
50.573
65.6616
50.5731
65.6618
50.5732
65.6621
50.5734
65.6627
50.5736
65.6631
50.5736
65.6629
50.5736
65.6632
50.5737
65.6636
50.5739
65.664
50.574
65.6643
50.5742
65.6648
50.5743
65.665
50.5743
65.6651
50.5744
65.6653
50.5746
65.6658
50.5748
65.6665
50.575
65.6666
50.575
65.6669
50.5751
65.667
50.5753
65.6674
50.5752
65.6674
50.5753
65.6676
50.5754
65.6681
50.5757
65.6688
50.5759
65.6692
50.576
65.6693
50.5761
65.6697
50.5762
65.6699
50.5764
65.6705
50.5765
65.6707
50.5765
65.6708
50.5766
65.671
50.5767
65.6714
50.5769
65.6717
50.5769
65.6717
50.5769
